怪物ID	卡片ID	初始怒气	攻击怒气	被击怒气	击杀怒气	攻击	防御	生命	伤害	免伤	暴击	抗暴	暴击强度	破档	格挡	格挡强度	治疗	吸血	反伤	控制率	免控	是否物品怪	形象模型阶段	怪物是否为觉醒	小技能释放概率	小技能等级	怒气技能等级	被动1等级	被动2等级	被动3等级	被动4等级	卡片战魂等级
Id	CardId	StartAnger	HitAnger	HitedAnger	KillAnger	Attack	Defense	HP	Damage	DamageOppose	Crit	CritOppose	CritDamage	BlockBreak	Block	BlockDamage	Cure	Suck	Thorns	Ctrl	FreeCtrl	IsObject	Models	IsAwake	SmallSkillRate	SmallSkill	AngerSkill	Skill1	Skill2	Skill3	Skill4	CardWarSoul
int	int	int	int	int	int	int	int	int	int	int	int	int	int	int	int	int	int	int	int	int	int	int	string	int	int	int	int	int	int	int	int	string
1	1000001	-1000000	200	10000	300	1495	479	6012	600	300	400	0	0	400	0	0	10000	0	0	0	0	0		0	3300	1	1	1	1	1	1	0,0,0,0
2	1000002	-1000000	200	10000	300	836	390	4103	100	0	0	0	0	250	0	0	10000	0	0	0	0	0		0	3300	1	1	1	1	1	1	0,0,0,0
3	1000003	-1000000	200	10000	300	918	723	6459	0	500	400	0	0	0	500	0	10000	0	0	0	0	0		0	3300	1	1	1	1	1	1	0,0,0,0
4	1000004	-1000000	200	10000	300	617	479	4306	0	0	0	100	0	0	0	0	10000	0	0	0	0	0		0	3300	1	1	1	1	1	1	0,0,0,0
5	1000005	-1000000	200	10000	300	828	398	4062	0	100	1200	0	0	0	600	0	10000	0	0	0	0	0		0	3300	1	1	1	1	1	1	0,0,0,0
7	1000001	-1000000	200	10000	300	1955	626	78625	600	300	400	0	0	400	0	0	10000	0	0	0	0	1		0	0	1	1	1	1	1	1	0,0,0,0
8	1000002	-1000000	200	10000	300	1094	510	53656	100	0	0	0	0	250	0	0	10000	0	0	0	0	1		0	0	1	1	1	1	1	1	0,0,0,0
100	1000001	-1000000	200	10000	300	850	310	3300	600	300	400	0	0	400	0	0	10000	0	0	0	0	0		0	3300	1	1	1	1	1	1	0,0,0,0
101	1000002	-1000000	200	10000	300	650	280	2850	100	0	0	0	0	250	0	0	10000	0	0	0	0	0		0	3300	1	1	1	1	1	1	0,0,0,0
102	1000003	-1000000	200	10000	300	1150	820	7700	0	500	400	0	0	0	500	0	10000	0	0	0	0	0		0	3300	1	1	1	1	1	1	0,0,0,0
103	1000004	-1000000	200	10000	300	540	300	3200	0	0	0	100	0	0	0	0	10000	0	0	0	0	0		0	3300	1	1	1	1	1	1	0,0,0,0
104	1000005	-1000000	200	10000	300	650	280	2850	15	115	200	0	0	0	600	0	10000	0	0	0	0	0		0	3300	1	1	1	1	1	1	0,0,0,0
105	1000001	-1000000	200	10000	300	1700	620	6600	300	0	400	0	0	400	0	0	10000	0	0	0	0	0		0	3300	1	1	1	1	1	1	0,0,0,0
106	1000007	-1000000	200	10000	300	1450	750	6690	300	300	400	400	0	0	0	0	10000	0	0	0	0	0		0	3300	1	1	1	1	1	1	0,0,0,0
107	1000008	-1000000	200	10000	300	1150	820	7700	0	300	0	400	0	0	400	0	10000	0	0	0	0	0		0	3300	1	1	1	1	1	1	0,0,0,0
108	1000009	-1000000	200	10000	300	1450	750	6690	1000	0	0	0	0	250	0	0	10000	0	0	0	0	0		0	3300	1	1	1	1	1	1	0,0,0,0
109	1000001	-1000000	200	10000	300	1150	820	7700	300	300	0	400	0	0	400	0	10000	0	0	0	0	0		0	3300	1	1	1	1	1	1	0,0,0,0
110	1000011	-1000000	200	10000	300	4200	1400	16000	1700	0	1900	0	1000	1400	0	0	10000	0	0	0	0	0		0	3300	1	1	1	1	1	1	0,0,0,0
111	1000012	-1000000	200	10000	300	3500	1800	16290	2000	0	2500	500	0	1000	0	0	10000	0	0	0	0	0		0	3300	1	1	1	1	1	1	0,0,0,0
112	1000013	-1000000	200	10000	300	4200	1400	16000	2000	600	1200	0	1500	1500	0	0	10000	0	0	0	0	0		0	3300	1	1	1	1	1	1	0,0,0,0
113	1000001	-1000000	200	10000	300	4200	1400	16000	2500	500	1800	500	1000	500	0	0	10000	0	0	0	0	0		0	3300	1	1	1	1	1	1	0,0,0,0
114	1000015	-1000000	200	10000	300	4200	1400	16000	1800	800	2000	500	0	900	0	0	10000	0	0	0	0	0		0	3300	1	1	1	1	1	1	0,0,0,0
115	1000016	-1000000	200	10000	300	1150	820	7700	100	300	0	0	0	0	800	0	10000	0	0	0	0	0		0	3300	1	1	1	1	1	1	0,0,0,0
116	1000017	-1000000	200	10000	300	650	280	2850	0	0	100	0	0	0	400	0	10000	0	0	0	0	0		0	3300	1	1	1	1	1	1	0,0,0,0
117	1000001	-1000000	200	10000	300	540	300	3200	0	300	0	0	0	0	100	0	10000	0	0	0	0	0		0	3300	1	1	1	1	1	1	0,0,0,0
118	1000019	-1000000	200	10000	300	3500	1800	16290	2300	0	1400	0	900	1400	0	0	10000	0	0	0	0	0		0	3300	1	1	1	1	1	1	0,0,0,0
119	1000020	-1000000	200	10000	300	540	300	3200	0	0	0	250	0	0	250	0	10000	0	0	0	0	0		0	3300	1	1	1	1	1	1	0,0,0,0
120	1000021	-1000000	200	10000	300	540	300	3200	0	100	0	0	0	0	300	0	10000	0	0	0	0	0		0	3300	1	1	1	1	1	1	0,0,0,0
121	1000022	-1000000	200	10000	300	730	240	2800	0	0	100	0	0	0	0	0	10000	0	0	0	0	0		0	3300	1	1	1	1	1	1	0,0,0,0
122	1000023	-1000000	200	10000	300	540	300	3200	0	100	0	0	0	0	250	0	10000	0	0	0	0	0		0	3300	1	1	1	1	1	1	0,0,0,0
123	1000024	-1000000	200	10000	300	1700	620	6600	500	0	600	0	0	100	0	0	10000	0	0	0	0	0		0	3300	1	1	1	1	1	1	0,0,0,0
124	1000025	-1000000	200	10000	300	650	280	2850	0	0	900	0	0	0	0	0	10000	0	0	0	0	0		0	3300	1	1	1	1	1	1	0,0,0,0
125	1000026	-1000000	200	10000	300	1450	750	6690	600	0	550	0	0	0	0	0	10000	0	0	0	0	0		0	3300	1	1	1	1	1	1	0,0,0,0
126	1000027	-1000000	200	10000	300	1700	620	6600	700	0	450	0	0	0	0	0	10000	0	0	0	0	0		0	3300	1	1	1	1	1	1	0,0,0,0
127	1000028	-1000000	200	10000	300	730	240	2800	0	0	250	100	0	0	0	0	10000	0	0	0	0	0		0	3300	1	1	1	1	1	1	0,0,0,0
200	2000107	-1000000	0	0	0	0	0	58485	0	0	0	0	0	0	0	0	0	0	0	0	0	1	model2007_1,model2007_2,model2007_3	0	0	1	1	1	1	1	0	0,0,0,0
201	2000107	-1000000	0	0	0	0	0	162574	0	0	0	0	0	0	0	0	0	0	0	0	0	1	model2007_1,model2007_2,model2007_3	0	0	1	1	1	1	1	0	0,0,0,0
202	2000107	-1000000	0	0	0	0	0	264364	0	0	0	0	0	0	0	0	0	0	0	0	0	1	model2007_1,model2007_2,model2007_3	0	0	1	1	1	1	1	0	0,0,0,0
203	2000107	-1000000	0	0	0	0	0	511806	0	0	0	0	0	0	0	0	0	0	0	0	0	1	model2007_1,model2007_2,model2007_3	0	0	1	1	1	1	1	0	0,0,0,0
204	2000107	-1000000	0	0	0	0	0	859329	0	0	0	0	0	0	0	0	0	0	0	0	0	1	model2007_1,model2007_2,model2007_3	0	0	1	1	1	1	1	0	0,0,0,0
205	2000107	-1000000	0	0	0	0	0	1054944	0	0	0	0	0	0	0	0	0	0	0	0	0	1	model2007_1,model2007_2,model2007_3	0	0	1	1	1	1	1	0	0,0,0,0
206	2000107	-1000000	0	0	0	0	0	1222194	0	0	0	0	0	0	0	0	0	0	0	0	0	1	model2007_1,model2007_2,model2007_3	0	0	1	1	1	1	1	0	0,0,0,0
207	2000108	-1000000	0	0	0	0	0	58485	0	0	0	0	0	0	0	0	0	0	0	0	0	1	model2008_1,model2008_2,model2008_3	0	0	1	1	1	1	1	0	0,0,0,0
208	2000108	-1000000	0	0	0	0	0	162574	0	0	0	0	0	0	0	0	0	0	0	0	0	1	model2008_1,model2008_2,model2008_3	0	0	1	1	1	1	1	0	0,0,0,0
209	2000108	-1000000	0	0	0	0	0	264364	0	0	0	0	0	0	0	0	0	0	0	0	0	1	model2008_1,model2008_2,model2008_3	0	0	1	1	1	1	1	0	0,0,0,0
210	2000108	-1000000	0	0	0	0	0	511806	0	0	0	0	0	0	0	0	0	0	0	0	0	1	model2008_1,model2008_2,model2008_3	0	0	1	1	1	1	1	0	0,0,0,0
211	2000108	-1000000	0	0	0	0	0	859329	0	0	0	0	0	0	0	0	0	0	0	0	0	1	model2008_1,model2008_2,model2008_3	0	0	1	1	1	1	1	0	0,0,0,0
212	2000108	-1000000	0	0	0	0	0	1054944	0	0	0	0	0	0	0	0	0	0	0	0	0	1	model2008_1,model2008_2,model2008_3	0	0	1	1	1	1	1	0	0,0,0,0
213	2000108	-1000000	0	0	0	0	0	1222194	0	0	0	0	0	0	0	0	0	0	0	0	0	1	model2008_1,model2008_2,model2008_3	0	0	1	1	1	1	1	0	0,0,0,0
1000	2000101	-1000000	200	10000	300	39	0	50	0	0	0	0	0	0	0	0	10000	0	0	0	0	0		0	0	1	1	1	1	1	1	0,0,0,0
1001	2000102	-1000000	200	10000	300	39	0	50	0	0	0	0	0	0	0	0	10000	0	0	0	0	0		0	0	1	1	1	1	1	1	0,0,0,0
1002	2000104	-1000000	200	10000	300	39	0	50	0	0	0	0	0	0	0	0	10000	0	0	0	0	0		0	0	1	1	1	1	1	1	0,0,0,0
1003	2000105	-1000000	200	10000	300	39	0	50	0	0	0	0	0	0	0	0	10000	0	0	0	0	0		0	0	1	1	1	1	1	1	0,0,0,0
1004	2000106	-1000000	200	10000	300	39	0	50	0	0	0	0	0	0	0	0	10000	0	0	0	0	0		0	0	1	1	1	1	1	1	0,0,0,0
1005	2000109	-1000000	200	10000	300	39	0	50	0	0	0	0	0	0	0	0	10000	0	0	0	0	0		0	0	1	1	1	1	1	1	0,0,0,0
1006	1000003	-1000000	200	10000	300	60	0	500	0	0	0	0	0	0	0	0	10000	0	0	0	0	0		0	3300	1	1	1	1	1	1	0,0,0,0
1007	1000007	-1000000	200	10000	300	70	0	550	0	0	0	0	0	0	0	0	10000	0	0	0	0	0		0	3300	1	1	1	1	1	1	0,0,0,0
1008	1000001	-1000000	200	10000	300	90	0	550	0	0	0	0	0	0	0	0	10000	0	0	0	0	0		0	3300	1	1	1	1	1	1	0,0,0,0
1009	1000004	-1000000	200	10000	300	80	0	600	0	0	0	0	0	0	0	0	10000	0	0	0	0	0		0	3300	1	1	1	1	1	1	0,0,0,0
1010	2000101	-1000000	200	10000	300	93	0	90	0	0	0	0	0	0	0	0	10000	0	0	0	0	0		0	0	1	1	1	1	1	1	0,0,0,0
1011	2000102	-1000000	200	10000	300	93	0	150	0	0	0	0	0	0	0	0	10000	0	0	0	0	0		0	0	1	1	1	1	1	1	0,0,0,0
1012	2000104	-1000000	200	10000	300	93	0	190	0	0	0	0	0	0	0	0	10000	0	0	0	0	0		0	0	1	1	1	1	1	1	0,0,0,0
1013	2000105	-1000000	200	10000	300	93	0	320	0	0	0	0	0	0	0	0	10000	0	0	0	0	0		0	0	1	1	1	1	1	1	0,0,0,0
1014	2000106	-1000000	200	10000	300	93	0	90	0	0	0	0	0	0	0	0	10000	0	0	0	0	0		0	0	1	1	1	1	1	1	0,0,0,0
1015	2000109	-1000000	200	10000	300	93	0	90	0	0	0	0	0	0	0	0	10000	0	0	0	0	0		0	0	1	1	1	1	1	1	0,0,0,0
1016	1000001	-1000000	200	10000	300	185	0	1000	0	0	0	0	0	0	0	0	10000	0	0	0	0	0		0	3300	1	1	1	1	1	1	0,0,0,0
1017	1000017	-1000000	200	10000	300	102	0	1100	0	0	0	0	0	0	0	0	10000	0	0	0	0	0		0	3300	1	1	1	1	1	1	0,0,0,0
1018	1000009	-1000000	200	10000	300	153	0	1265	0	0	0	0	0	0	0	0	10000	0	0	0	0	0		0	3300	1	1	1	1	1	1	0,0,0,0
1019	2000101	-1000000	200	10000	300	97	33	407	0	0	0	0	0	0	0	0	10000	0	0	0	0	0		0	0	1	1	1	1	1	1	0,0,0,0
1020	2000102	-1000000	200	10000	300	97	33	407	0	0	0	0	0	0	0	0	10000	0	0	0	0	0		0	0	1	1	1	1	1	1	0,0,0,0
1021	2000104	-1000000	200	10000	300	97	33	407	0	0	0	0	0	0	0	0	10000	0	0	0	0	0		0	0	1	1	1	1	1	1	0,0,0,0
1022	2000105	-1000000	200	10000	300	97	33	407	0	0	0	0	0	0	0	0	10000	0	0	0	0	0		0	0	1	1	1	1	1	1	0,0,0,0
1023	2000106	-1000000	200	10000	300	97	33	407	0	0	0	0	0	0	0	0	10000	0	0	0	0	0		0	0	1	1	1	1	1	1	0,0,0,0
1024	2000109	-1000000	200	10000	300	97	33	407	0	0	0	0	0	0	0	0	10000	0	0	0	0	0		0	0	1	1	1	1	1	1	0,0,0,0
1025	1000002	-1000000	200	10000	300	150	20	1800	0	0	0	0	0	0	0	0	10000	0	0	0	0	0		0	3300	1	1	1	1	1	1	0,0,0,0
1026	1000026	-1000000	200	10000	300	160	20	2200	0	0	0	0	0	0	0	0	10000	0	0	0	0	0		0	3300	1	1	1	1	1	1	0,0,0,0
1027	1000001	-1000000	200	10000	300	200	20	2400	0	0	0	0	0	0	0	0	10000	0	0	0	0	0		0	3300	1	1	1	1	1	1	0,0,0,0
1028	1000011	-1000000	200	10000	300	240	20	3200	0	0	0	0	0	0	0	0	10000	0	0	0	0	0		0	3300	1	1	1	1	1	1	0,0,0,0
1029	2000101	-1000000	200	10000	300	106	36	434	0	0	0	0	0	0	0	0	10000	0	0	0	0	0		0	0	1	1	1	1	1	1	0,0,0,0
1030	2000102	-1000000	200	10000	300	106	36	434	0	0	0	0	0	0	0	0	10000	0	0	0	0	0		0	0	1	1	1	1	1	1	0,0,0,0
1031	2000104	-1000000	200	10000	300	106	36	434	0	0	0	0	0	0	0	0	10000	0	0	0	0	0		0	0	1	1	1	1	1	1	0,0,0,0
1032	2000105	-1000000	200	10000	300	106	36	434	0	0	0	0	0	0	0	0	10000	0	0	0	0	0		0	0	1	1	1	1	1	1	0,0,0,0
1033	2000106	-1000000	200	10000	300	106	36	434	0	0	0	0	0	0	0	0	10000	0	0	0	0	0		0	0	1	1	1	1	1	1	0,0,0,0
1034	2000109	-1000000	200	10000	300	106	36	434	0	0	0	0	0	0	0	0	10000	0	0	0	0	0		0	0	1	1	1	1	1	1	0,0,0,0
1035	1000024	-1000000	200	10000	300	426	134	5040	0	0	0	0	0	0	0	0	10000	0	0	0	0	0		0	3300	1	1	1	1	1	1	0,0,0,0
1036	1000022	-1000000	200	10000	300	281	90	3360	0	0	0	0	0	0	0	0	10000	0	0	0	0	0		0	3300	1	1	1	1	1	1	0,0,0,0
1037	1000008	-1000000	200	10000	300	269	185	5854	0	0	0	0	0	0	0	0	10000	0	0	0	0	0		0	3300	1	1	1	1	1	1	0,0,0,0
1038	2000101	-1000000	200	10000	300	114	38	761	0	0	0	0	0	0	0	0	10000	0	0	0	0	0		0	0	1	1	1	1	1	1	0,0,0,0
1039	2000102	-1000000	200	10000	300	114	38	761	0	0	0	0	0	0	0	0	10000	0	0	0	0	0		0	0	1	1	1	1	1	1	0,0,0,0
1040	2000104	-1000000	200	10000	300	114	38	761	0	0	0	0	0	0	0	0	10000	0	0	0	0	0		0	0	1	1	1	1	1	1	0,0,0,0
1041	2000105	-1000000	200	10000	300	114	38	761	0	0	0	0	0	0	0	0	10000	0	0	0	0	0		0	0	1	1	1	1	1	1	0,0,0,0
1042	2000106	-1000000	200	10000	300	114	38	761	0	0	0	0	0	0	0	0	10000	0	0	0	0	0		0	0	1	1	1	1	1	1	0,0,0,0
1043	2000109	-1000000	200	10000	300	114	38	761	0	0	0	0	0	0	0	0	10000	0	0	0	0	0		0	0	1	1	1	1	1	1	0,0,0,0
1044	1000023	-1000000	200	10000	300	274	188	5908	0	0	0	0	0	0	0	0	10000	0	0	0	0	0		0	3300	1	1	1	1	1	1	0,0,0,0
1045	1000024	-1000000	200	10000	300	651	205	7695	0	0	0	0	0	0	0	0	10000	0	0	0	0	0		0	3300	1	1	1	1	1	1	0,0,0,0
1046	1000021	-1000000	200	10000	300	278	191	6018	0	0	0	0	0	0	0	0	10000	0	0	0	0	0		0	3300	1	1	1	1	1	1	0,0,0,0
1047	1000026	-1000000	200	10000	300	744	337	10230	0	0	0	0	0	0	0	0	10000	0	0	0	0	0		0	3300	1	1	1	1	1	1	0,0,0,0
1048	2000101	-1000000	200	10000	300	314	106	1256	0	0	0	0	0	0	0	0	10000	0	0	0	0	0		0	0	1	1	1	1	1	1	0,0,0,0
1049	2000102	-1000000	200	10000	300	314	106	1256	0	0	0	0	0	0	0	0	10000	0	0	0	0	0		0	0	1	1	1	1	1	1	0,0,0,0
1050	2000104	-1000000	200	10000	300	314	106	1256	0	0	0	0	0	0	0	0	10000	0	0	0	0	0		0	0	1	1	1	1	1	1	0,0,0,0
1051	2000105	-1000000	200	10000	300	314	106	1256	0	0	0	0	0	0	0	0	10000	0	0	0	0	0		0	0	1	1	1	1	1	1	0,0,0,0
1052	2000106	-1000000	200	10000	300	314	106	1256	0	0	0	0	0	0	0	0	10000	0	0	0	0	0		0	0	1	1	1	1	1	1	0,0,0,0
1053	2000109	-1000000	200	10000	300	314	106	1256	0	0	0	0	0	0	0	0	10000	0	0	0	0	0		0	0	1	1	1	1	1	1	0,0,0,0
1054	1000020	-1000000	200	10000	300	503	286	9206	0	0	0	0	0	0	0	0	10000	0	0	0	0	0		0	3300	1	1	1	1	1	1	0,0,0,0
1055	1000002	-1000000	200	10000	300	610	267	8160	0	0	0	0	0	0	0	0	10000	0	0	0	0	0		0	3300	1	1	1	1	1	1	0,0,0,0
1056	1000026	-1000000	200	10000	300	813	360	10950	0	0	0	0	0	0	0	0	10000	0	0	0	0	0		0	3300	1	1	1	1	1	1	0,0,0,0
1057	1000027	-1000000	200	10000	300	934	303	10908	0	0	0	0	0	0	0	0	10000	0	0	0	0	0		0	3300	1	1	1	1	1	1	0,0,0,0
1058	1000024	-1000000	200	10000	300	934	303	10908	0	0	0	0	0	0	0	0	10000	0	0	0	0	0		0	3300	1	1	1	1	1	1	0,0,0,0
1059	1000012	-1000000	200	10000	300	1433	639	19320	0	0	0	0	0	0	0	0	10000	0	0	0	0	0		0	3300	1	1	1	1	1	1	0,0,0,0
1060	2000101	-1000000	200	10000	300	366	120	1418	0	0	0	0	0	0	0	0	10000	0	0	0	0	0		0	0	1	1	1	1	1	1	0,0,0,0
1061	2000102	-1000000	200	10000	300	366	120	1418	0	0	0	0	0	0	0	0	10000	0	0	0	0	0		0	0	1	1	1	1	1	1	0,0,0,0
1062	2000104	-1000000	200	10000	300	366	120	1418	0	0	0	0	0	0	0	0	10000	0	0	0	0	0		0	0	1	1	1	1	1	1	0,0,0,0
1063	2000105	-1000000	200	10000	300	366	120	1418	0	0	0	0	0	0	0	0	10000	0	0	0	0	0		0	0	1	1	1	1	1	1	0,0,0,0
1064	2000106	-1000000	200	10000	300	366	120	1418	0	0	0	0	0	0	0	0	10000	0	0	0	0	0		0	0	1	1	1	1	1	1	0,0,0,0
1065	2000109	-1000000	200	10000	300	366	120	1418	0	0	0	0	0	0	0	0	10000	0	0	0	0	0		0	0	1	1	1	1	1	1	0,0,0,0
1066	1000001	-1000000	200	10000	300	984	317	11388	0	0	0	0	0	0	0	0	10000	0	0	0	0	0		0	3300	1	1	1	1	1	1	0,0,0,0
1067	1000022	-1000000	200	10000	300	732	240	8508	0	0	0	0	0	0	0	0	10000	0	0	0	0	0		0	3300	1	1	1	1	1	1	0,0,0,0
1068	1000020	-1000000	200	10000	300	536	299	9654	0	0	0	0	0	0	0	0	10000	0	0	0	0	0		0	3300	1	1	1	1	1	1	0,0,0,0
1069	1000021	-1000000	200	10000	300	536	299	9654	0	0	0	0	0	0	0	0	10000	0	0	0	0	0		0	3300	1	1	1	1	1	1	0,0,0,0
1070	1000016	-1000000	200	10000	300	690	404	13116	0	0	0	0	0	0	0	0	10000	0	0	0	0	0		0	3300	1	1	1	1	1	1	0,0,0,0
1071	1000001	-1000000	200	10000	300	536	299	9654	0	0	0	0	0	0	0	0	10000	0	0	0	0	0		0	3300	1	1	1	1	1	1	0,0,0,0
1072	1000026	-1000000	200	10000	300	860	376	11430	0	0	0	0	0	0	0	0	10000	0	0	0	0	0		0	3300	1	1	1	1	1	1	0,0,0,0
1073	1000024	-1000000	200	10000	300	984	317	11388	0	0	0	0	0	0	0	0	10000	0	0	0	0	0		0	3300	1	1	1	1	1	1	0,0,0,0
1074	1000015	-1000000	200	10000	300	1752	547	20028	0	0	0	0	0	0	0	0	10000	0	0	0	0	0		0	3300	1	1	1	1	1	1	0,0,0,0
1075	1000027	-1000000	200	10000	300	984	317	11388	0	0	0	0	0	0	0	0	10000	0	0	0	0	0		0	3300	1	1	1	1	1	1	0,0,0,0
1076	2000101	-1000000	200	10000	300	557	183	2101	0	0	0	0	0	0	0	0	10000	0	0	0	0	0		0	0	1	1	1	1	1	1	0,0,0,0
1077	2000102	-1000000	200	10000	300	557	183	2101	0	0	0	0	0	0	0	0	10000	0	0	0	0	0		0	0	1	1	1	1	1	1	0,0,0,0
1078	2000104	-1000000	200	10000	300	557	183	2101	0	0	0	0	0	0	0	0	10000	0	0	0	0	0		0	0	1	1	1	1	1	1	0,0,0,0
1079	2000105	-1000000	200	10000	300	557	183	2101	0	0	0	0	0	0	0	0	10000	0	0	0	0	0		0	0	1	1	1	1	1	1	0,0,0,0
1080	2000106	-1000000	200	10000	300	557	183	2101	0	0	0	0	0	0	0	0	10000	0	0	0	0	0		0	0	1	1	1	1	1	1	0,0,0,0
1081	2000109	-1000000	200	10000	300	557	183	2101	0	0	0	0	0	0	0	0	10000	0	0	0	0	0		0	0	1	1	1	1	1	1	0,0,0,0
1082	1000021	-1000000	200	10000	300	827	449	14303	0	0	0	0	0	0	0	0	10000	0	0	0	0	0		0	3300	1	1	1	1	1	1	0,0,0,0
1083	1000025	-1000000	200	10000	300	995	422	12645	0	0	0	0	0	0	0	0	10000	0	0	0	0	0		0	3300	1	1	1	1	1	1	0,0,0,0
1084	1000007	-1000000	200	10000	300	1300	560	16785	0	0	0	0	0	0	0	0	10000	0	0	0	0	0		0	3300	1	1	1	1	1	1	0,0,0,0
1085	1000001	-1000000	200	10000	300	1047	601	19306	0	0	0	0	0	0	0	0	10000	0	0	0	0	0		0	3300	1	1	1	1	1	1	0,0,0,0
1086	1000017	-1000000	200	10000	300	995	422	12645	0	0	0	0	0	0	0	0	10000	0	0	0	0	0		0	3300	1	1	1	1	1	1	0,0,0,0
1087	1000005	-1000000	200	10000	300	995	422	12645	0	0	0	0	0	0	0	0	10000	0	0	0	0	0		0	3300	1	1	1	1	1	1	0,0,0,0
1088	1000001	-1000000	200	10000	300	827	449	14303	0	0	0	0	0	0	0	0	10000	0	0	0	0	0		0	3300	1	1	1	1	1	1	0,0,0,0
1089	1000003	-1000000	200	10000	300	1047	601	19306	0	0	0	0	0	0	0	0	10000	0	0	0	0	0		0	3300	1	1	1	1	1	1	0,0,0,0
1090	1000027	-1000000	200	10000	300	1479	476	16743	0	0	0	0	0	0	0	0	10000	0	0	0	0	0		0	3300	1	1	1	1	1	1	0,0,0,0
1091	1000026	-1000000	200	10000	300	1300	560	16785	0	0	0	0	0	0	0	0	10000	0	0	0	0	0		0	3300	1	1	1	1	1	1	0,0,0,0
1092	1000008	-1000000	200	10000	300	1047	601	19306	0	0	0	0	0	0	0	0	10000	0	0	0	0	0		0	3300	1	1	1	1	1	1	0,0,0,0
1093	2000101	-1000000	200	10000	300	1073	374	3993	0	0	0	0	0	0	0	0	10000	0	0	0	0	0		0	0	1	1	1	1	1	1	0,0,0,0
1094	2000102	-1000000	200	10000	300	1073	374	3993	0	0	0	0	0	0	0	0	10000	0	0	0	0	0		0	0	1	1	1	1	1	1	0,0,0,0
1095	2000104	-1000000	200	10000	300	1073	374	3993	0	0	0	0	0	0	0	0	10000	0	0	0	0	0		0	0	1	1	1	1	1	1	0,0,0,0
1096	2000105	-1000000	200	10000	300	1073	374	3993	0	0	0	0	0	0	0	0	10000	0	0	0	0	0		0	0	1	1	1	1	1	1	0,0,0,0
1097	2000106	-1000000	200	10000	300	1073	374	3993	0	0	0	0	0	0	0	0	10000	0	0	0	0	0		0	0	1	1	1	1	1	1	0,0,0,0
1098	2000109	-1000000	200	10000	300	1073	374	3993	0	0	0	0	0	0	0	0	10000	0	0	0	0	0		0	0	1	1	1	1	1	1	0,0,0,0
1099	1000001	-1000000	200	10000	300	2071	660	22848	0	0	0	0	0	0	0	0	10000	0	0	0	0	0		0	3300	1	1	1	1	1	1	0,0,0,0
1100	1000027	-1000000	200	10000	300	2071	660	22848	0	0	0	0	0	0	0	0	10000	0	0	0	0	0		0	3300	1	1	1	1	1	1	0,0,0,0
1101	1000016	-1000000	200	10000	300	1469	828	26665	0	0	0	0	0	0	0	0	10000	0	0	0	0	0		0	3300	1	1	1	1	1	1	0,0,0,0
1102	1000022	-1000000	200	10000	300	1579	512	17298	0	0	0	0	0	0	0	0	10000	0	0	0	0	0		0	3300	1	1	1	1	1	1	0,0,0,0
1103	1000024	-1000000	200	10000	300	2071	660	22848	0	0	0	0	0	0	0	0	10000	0	0	0	0	0		0	3300	1	1	1	1	1	1	0,0,0,0
1104	1000007	-1000000	200	10000	300	1830	772	22890	0	0	0	0	0	0	0	0	10000	0	0	0	0	0		0	3300	1	1	1	1	1	1	0,0,0,0
1105	1000011	-1000000	200	10000	300	2500	704	29498	0	0	0	0	0	0	0	0	10000	0	0	0	0	0		0	3300	1	1	1	1	1	1	0,0,0,0
1106	1000015	-1000000	200	10000	300	2500	704	29498	0	0	0	0	0	0	0	0	10000	0	0	0	0	0		0	3300	1	1	1	1	1	1	0,0,0,0
1107	2000101	-1000000	200	10000	300	1848	520	6727	0	0	0	0	0	0	0	0	10000	0	0	0	0	0		0	0	1	1	1	1	1	1	0,0,0,0
1108	2000102	-1000000	200	10000	300	1848	520	6727	0	0	0	0	0	0	0	0	10000	0	0	0	0	0		0	0	1	1	1	1	1	1	0,0,0,0
1109	2000104	-1000000	200	10000	300	1848	520	6727	0	0	0	0	0	0	0	0	10000	0	0	0	0	0		0	0	1	1	1	1	1	1	0,0,0,0
1110	2000105	-1000000	200	10000	300	1848	520	6727	0	0	0	0	0	0	0	0	10000	0	0	0	0	0		0	0	1	1	1	1	1	1	0,0,0,0
1111	2000106	-1000000	200	10000	300	1848	520	6727	0	0	0	0	0	0	0	0	10000	0	0	0	0	0		0	0	1	1	1	1	1	1	0,0,0,0
1112	2000109	-1000000	200	10000	300	1848	520	6727	0	0	0	0	0	0	0	0	10000	0	0	0	0	0		0	0	1	1	1	1	1	1	0,0,0,0
1113	1000009	-1000000	200	10000	300	3547	1605	44805	0	0	0	0	0	0	0	0	10000	0	0	0	0	0		0	3300	1	1	1	1	1	1	0,0,0,0
1114	1000027	-1000000	200	10000	300	4030	1356	44301	0	0	0	0	0	0	0	0	10000	0	0	0	0	0		0	3300	1	1	1	1	1	1	0,0,0,0
1115	1000025	-1000000	200	10000	300	2754	1210	34140	0	0	0	0	0	0	0	0	10000	0	0	0	0	0		0	3300	1	1	1	1	1	1	0,0,0,0
1116	1000028	-1000000	200	10000	300	3080	1040	33636	0	0	0	0	0	0	0	0	10000	0	0	0	0	0		0	3300	1	1	1	1	1	1	0,0,0,0
1117	1000022	-1000000	200	10000	300	3080	1040	33636	0	0	0	0	0	0	0	0	10000	0	0	0	0	0		0	3300	1	1	1	1	1	1	0,0,0,0
1118	1000024	-1000000	200	10000	300	4030	1356	44301	0	0	0	0	0	0	0	0	10000	0	0	0	0	0		0	3300	1	1	1	1	1	1	0,0,0,0
1119	1000021	-1000000	200	10000	300	2222	1289	40739	0	0	0	0	0	0	0	0	10000	0	0	0	0	0		0	3300	1	1	1	1	1	1	0,0,0,0
1120	1000007	-1000000	200	10000	300	3547	1605	44805	0	0	0	0	0	0	0	0	10000	0	0	0	0	0		0	3300	1	1	1	1	1	1	0,0,0,0
1121	1000008	-1000000	200	10000	300	2790	1724	53778	0	0	0	0	0	0	0	0	10000	0	0	0	0	0		0	3300	1	1	1	1	1	1	0,0,0,0
1122	1000019	-1000000	200	10000	300	3957	1790	46800	0	0	0	0	0	0	0	0	10000	0	0	0	0	0		0	3300	1	1	1	1	1	1	0,0,0,0
1123	2000101	-1000000	200	10000	300	2734	624	8011	0	0	0	0	0	0	0	0	10000	0	0	0	0	0		0	0	1	1	1	1	1	1	0,0,0,0
1124	2000102	-1000000	200	10000	300	2734	624	8011	0	0	0	0	0	0	0	0	10000	0	0	0	0	0		0	0	1	1	1	1	1	1	0,0,0,0
1125	2000104	-1000000	200	10000	300	2734	624	8011	0	0	0	0	0	0	0	0	10000	0	0	0	0	0		0	0	1	1	1	1	1	1	0,0,0,0
1126	2000105	-1000000	200	10000	300	2734	624	8011	0	0	0	0	0	0	0	0	10000	0	0	0	0	0		0	0	1	1	1	1	1	1	0,0,0,0
1127	2000106	-1000000	200	10000	300	2734	624	8011	0	0	0	0	0	0	0	0	10000	0	0	0	0	0		0	0	1	1	1	1	1	1	0,0,0,0
1128	2000109	-1000000	200	10000	300	2734	624	8011	0	0	0	0	0	0	0	0	10000	0	0	0	0	0		0	0	1	1	1	1	1	1	0,0,0,0
1129	1000007	-1000000	200	10000	300	5223	1907	63792	0	0	0	0	0	0	0	0	10000	0	0	0	0	0		0	3300	1	1	1	1	1	1	0,0,0,0
1130	1000016	-1000000	200	10000	300	3381	2046	78209	0	0	0	0	0	0	0	0	10000	0	0	0	0	0		0	3300	1	1	1	1	1	1	0,0,0,0
1131	1000009	-1000000	200	10000	300	5223	1907	63792	0	0	0	0	0	0	0	0	10000	0	0	0	0	0		0	3300	1	1	1	1	1	1	0,0,0,0
1132	1000001	-1000000	200	10000	300	3381	2046	78209	0	0	0	0	0	0	0	0	10000	0	0	0	0	0		0	3300	1	1	1	1	1	1	0,0,0,0
1133	1000021	-1000000	200	10000	300	2709	1538	59674	0	0	0	0	0	0	0	0	10000	0	0	0	0	0		0	3300	1	1	1	1	1	1	0,0,0,0
1134	1000005	-1000000	200	10000	300	4096	1445	48672	0	0	0	0	0	0	0	0	10000	0	0	0	0	0		0	3300	1	1	1	1	1	1	0,0,0,0
1135	1000001	-1000000	200	10000	300	2709	1538	59674	0	0	0	0	0	0	0	0	10000	0	0	0	0	0		0	3300	1	1	1	1	1	1	0,0,0,0
1136	1000004	-1000000	200	10000	300	2709	1538	59674	0	0	0	0	0	0	0	0	10000	0	0	0	0	0		0	3300	1	1	1	1	1	1	0,0,0,0
1137	1000020	-1000000	200	10000	300	2709	1538	59674	0	0	0	0	0	0	0	0	10000	0	0	0	0	0		0	3300	1	1	1	1	1	1	0,0,0,0
1138	1000001	-1000000	200	10000	300	5907	1618	52656	0	0	0	0	0	0	0	0	10000	0	0	0	0	0		0	3300	1	1	1	1	1	1	0,0,0,0
1139	1000002	-1000000	200	10000	300	4096	1445	48672	0	0	0	0	0	0	0	0	10000	0	0	0	0	0		0	3300	1	1	1	1	1	1	0,0,0,0
1140	1000001	-1000000	200	10000	300	5223	1907	63792	0	0	0	0	0	0	0	0	10000	0	0	0	0	0		0	3300	1	1	1	1	1	1	0,0,0,0
1141	2000101	-1000000	200	10000	300	3396	739	9415	0	0	0	0	0	0	0	0	10000	0	0	0	0	0		0	0	1	1	1	1	1	1	0,0,0,0
1142	2000102	-1000000	200	10000	300	3396	739	9415	0	0	0	0	0	0	0	0	10000	0	0	0	0	0		0	0	1	1	1	1	1	1	0,0,0,0
1143	2000104	-1000000	200	10000	300	3396	739	9415	0	0	0	0	0	0	0	0	10000	0	0	0	0	0		0	0	1	1	1	1	1	1	0,0,0,0
1144	2000105	-1000000	200	10000	300	3396	739	9415	0	0	0	0	0	0	0	0	10000	0	0	0	0	0		0	0	1	1	1	1	1	1	0,0,0,0
1145	2000106	-1000000	200	10000	300	3396	739	9415	0	0	0	0	0	0	0	0	10000	0	0	0	0	0		0	0	1	1	1	1	1	1	0,0,0,0
1146	2000109	-1000000	200	10000	300	3396	739	9415	0	0	0	0	0	0	0	0	10000	0	0	0	0	0		0	0	1	1	1	1	1	1	0,0,0,0
1147	1000021	-1000000	200	10000	300	3252	1811	73314	0	0	0	0	0	0	0	0	10000	0	0	0	0	0		0	3300	1	1	1	1	1	1	0,0,0,0
1148	1000025	-1000000	200	10000	300	5107	1704	57096	0	0	0	0	0	0	0	0	10000	0	0	0	0	0		0	3300	1	1	1	1	1	1	0,0,0,0
1149	1000007	-1000000	200	10000	300	6466	2238	74718	0	0	0	0	0	0	0	0	10000	0	0	0	0	0		0	3300	1	1	1	1	1	1	0,0,0,0
1150	1000017	-1000000	200	10000	300	5107	1704	57096	0	0	0	0	0	0	0	0	10000	0	0	0	0	0		0	3300	1	1	1	1	1	1	0,0,0,0
1151	1000001	-1000000	200	10000	300	3252	1811	73314	0	0	0	0	0	0	0	0	10000	0	0	0	0	0		0	3300	1	1	1	1	1	1	0,0,0,0
1152	1000003	-1000000	200	10000	300	4036	2398	95653	0	0	0	0	0	0	0	0	10000	0	0	0	0	0		0	3300	1	1	1	1	1	1	0,0,0,0
1153	1000001	-1000000	200	10000	300	4036	2398	95653	0	0	0	0	0	0	0	0	10000	0	0	0	0	0		0	3300	1	1	1	1	1	1	0,0,0,0
1154	1000016	-1000000	200	10000	300	4036	2398	95653	0	0	0	0	0	0	0	0	10000	0	0	0	0	0		0	3300	1	1	1	1	1	1	0,0,0,0
1155	1000026	-1000000	200	10000	300	6466	2238	74718	0	0	0	0	0	0	0	0	10000	0	0	0	0	0		0	3300	1	1	1	1	1	1	0,0,0,0
1156	1000022	-1000000	200	10000	300	5659	1478	47076	0	0	0	0	0	0	0	0	10000	0	0	0	0	0		0	3300	1	1	1	1	1	1	0,0,0,0
1157	1000024	-1000000	200	10000	300	7286	1906	61761	0	0	0	0	0	0	0	0	10000	0	0	0	0	0		0	3300	1	1	1	1	1	1	0,0,0,0
1158	1000009	-1000000	200	10000	300	6466	2238	74718	0	0	0	0	0	0	0	0	10000	0	0	0	0	0		0	3300	1	1	1	1	1	1	0,0,0,0
1159	1000001	-1000000	200	10000	300	7286	1906	61761	0	0	0	0	0	0	0	0	10000	0	0	0	0	0		0	3300	1	1	1	1	1	1	0,0,0,0
1160	2000101	-1000000	200	10000	300	4909	865	12762	0	0	0	0	0	0	0	0	10000	0	0	0	0	0		0	0	1	1	1	1	1	1	0,0,0,0
1161	2000102	-1000000	200	10000	300	4909	865	12762	0	0	0	0	0	0	0	0	10000	0	0	0	0	0		0	0	1	1	1	1	1	1	0,0,0,0
1162	2000104	-1000000	200	10000	300	4909	865	12762	0	0	0	0	0	0	0	0	10000	0	0	0	0	0		0	0	1	1	1	1	1	1	0,0,0,0
1163	2000105	-1000000	200	10000	300	4909	865	12762	0	0	0	0	0	0	0	0	10000	0	0	0	0	0		0	0	1	1	1	1	1	1	0,0,0,0
1164	2000106	-1000000	200	10000	300	4909	865	12762	0	0	0	0	0	0	0	0	10000	0	0	0	0	0		0	0	1	1	1	1	1	1	0,0,0,0
1165	2000109	-1000000	200	10000	300	4909	865	12762	0	0	0	0	0	0	0	0	10000	0	0	0	0	0		0	0	1	1	1	1	1	1	0,0,0,0
1166	1000007	-1000000	200	10000	300	8788	2879	96696	0	0	0	0	0	0	0	0	10000	0	0	0	0	0		0	3300	1	1	1	1	1	1	0,0,0,0
1167	1000017	-1000000	200	10000	300	6878	2174	73008	0	0	0	0	0	0	0	0	10000	0	0	0	0	0		0	3300	1	1	1	1	1	1	0,0,0,0
1168	1000005	-1000000	200	10000	300	6878	2174	73008	0	0	0	0	0	0	0	0	10000	0	0	0	0	0		0	3300	1	1	1	1	1	1	0,0,0,0
1169	1000001	-1000000	200	10000	300	4909	865	12762	0	0	0	0	0	0	0	0	10000	0	0	0	0	0		0	3300	1	1	1	1	1	1	0,0,0,0
1170	1000026	-1000000	200	10000	300	8788	2879	96696	0	0	0	0	0	0	0	0	10000	0	0	0	0	0		0	3300	1	1	1	1	1	1	0,0,0,0
1171	1000001	-1000000	200	10000	300	9934	2444	80076	0	0	0	0	0	0	0	0	10000	0	0	0	0	0		0	3300	1	1	1	1	1	1	0,0,0,0
1172	1000002	-1000000	200	10000	300	6878	2174	73008	0	0	0	0	0	0	0	0	10000	0	0	0	0	0		0	3300	1	1	1	1	1	1	0,0,0,0
1173	1000001	-1000000	200	10000	300	5205	3091	130000	0	0	0	0	0	0	0	0	10000	0	0	0	0	0		0	3300	1	1	1	1	1	1	0,0,0,0
1174	1000024	-1000000	200	10000	300	9934	2444	80076	0	0	0	0	0	0	0	0	10000	0	0	0	0	0		0	3300	1	1	1	1	1	1	0,0,0,0
1175	1000016	-1000000	200	10000	300	5205	3091	130000	0	0	0	0	0	0	0	0	10000	0	0	0	0	0		0	3300	1	1	1	1	1	1	0,0,0,0
1176	1000001	-1000000	200	10000	300	9934	2444	80076	0	0	0	0	0	0	0	0	10000	0	0	0	0	0		0	3300	1	1	1	1	1	1	0,0,0,0
1177	1000009	-1000000	200	10000	300	8788	2879	96696	0	0	0	0	0	0	0	0	10000	0	0	0	0	0		0	3300	1	1	1	1	1	1	0,0,0,0
1178	1000023	-1000000	200	10000	300	4909	865	12762	0	0	0	0	0	0	0	0	10000	0	0	0	0	0		0	3300	1	1	1	1	1	1	0,0,0,0
1179	1000028	-1000000	200	10000	300	7647	1880	60336	0	0	0	0	0	0	0	0	10000	0	0	0	0	0		0	3300	1	1	1	1	1	1	0,0,0,0
1180	1000011	-1000000	200	10000	300	16868	4136	139296	0	0	0	0	0	0	0	0	10000	0	0	0	0	0		0	3300	1	1	1	1	1	1	0,0,0,0
1181	2000101	-1000000	200	10000	300	7118	1141	17054	0	0	0	0	0	0	0	0	10000	0	0	0	0	0		0	0	1	1	1	1	1	1	0,0,0,0
1182	2000102	-1000000	200	10000	300	7118	1141	17054	0	0	0	0	0	0	0	0	10000	0	0	0	0	0		0	0	1	1	1	1	1	1	0,0,0,0
1183	2000104	-1000000	200	10000	300	7118	1141	17054	0	0	0	0	0	0	0	0	10000	0	0	0	0	0		0	0	1	1	1	1	1	1	0,0,0,0
1184	2000105	-1000000	200	10000	300	7118	1141	17054	0	0	0	0	0	0	0	0	10000	0	0	0	0	0		0	0	1	1	1	1	1	1	0,0,0,0
1185	2000106	-1000000	200	10000	300	7118	1141	17054	0	0	0	0	0	0	0	0	10000	0	0	0	0	0		0	0	1	1	1	1	1	1	0,0,0,0
1186	2000109	-1000000	200	10000	300	7118	1141	17054	0	0	0	0	0	0	0	0	10000	0	0	0	0	0		0	0	1	1	1	1	1	1	0,0,0,0
1187	1000001	-1000000	200	10000	300	5111	2779	123903	0	0	0	0	0	0	0	0	10000	0	0	0	0	0		0	3300	1	1	1	1	1	1	0,0,0,0
1188	1000001	-1000000	200	10000	300	12253	2915	95364	0	0	0	0	0	0	0	0	10000	0	0	0	0	0		0	3300	1	1	1	1	1	1	0,0,0,0
1189	1000016	-1000000	200	10000	300	6299	3651	160507	0	0	0	0	0	0	0	0	10000	0	0	0	0	0		0	3300	1	1	1	1	1	1	0,0,0,0
1190	1000001	-1000000	200	10000	300	12253	2915	95364	0	0	0	0	0	0	0	0	10000	0	0	0	0	0		0	3300	1	1	1	1	1	1	0,0,0,0
1191	1000025	-1000000	200	10000	300	8668	2621	88866	0	0	0	0	0	0	0	0	10000	0	0	0	0	0		0	3300	1	1	1	1	1	1	0,0,0,0
1192	1000002	-1000000	200	10000	300	8668	2621	88866	0	0	0	0	0	0	0	0	10000	0	0	0	0	0		0	3300	1	1	1	1	1	1	0,0,0,0
1193	1000020	-1000000	200	10000	300	5111	2779	123903	0	0	0	0	0	0	0	0	10000	0	0	0	0	0		0	3300	1	1	1	1	1	1	0,0,0,0
1194	1000008	-1000000	200	10000	300	6299	3651	160507	0	0	0	0	0	0	0	0	10000	0	0	0	0	0		0	3300	1	1	1	1	1	1	0,0,0,0
1195	1000007	-1000000	200	10000	300	10894	3413	115596	0	0	0	0	0	0	0	0	10000	0	0	0	0	0		0	3300	1	1	1	1	1	1	0,0,0,0
1196	1000026	-1000000	200	10000	300	10894	3413	115596	0	0	0	0	0	0	0	0	10000	0	0	0	0	0		0	3300	1	1	1	1	1	1	0,0,0,0
1197	1000004	-1000000	200	10000	300	5111	2779	123903	0	0	0	0	0	0	0	0	10000	0	0	0	0	0		0	3300	1	1	1	1	1	1	0,0,0,0
1198	1000019	-1000000	200	10000	300	17633	5789	195786	0	0	0	0	0	0	0	0	10000	0	0	0	0	0		0	3300	1	1	1	1	1	1	0,0,0,0
1199	1000012	-1000000	200	10000	300	17633	5789	195786	0	0	0	0	0	0	0	0	10000	0	0	0	0	0		0	3300	1	1	1	1	1	1	0,0,0,0
1200	2000101	-1000000	200	10000	300	10671	1293	19200	0	0	0	0	0	0	0	0	10000	0	0	0	0	0		0	0	1	1	1	1	1	1	0,0,0,0
1201	2000102	-1000000	200	10000	300	10671	1293	19200	0	0	0	0	0	0	0	0	10000	0	0	0	0	0		0	0	1	1	1	1	1	1	0,0,0,0
1202	2000104	-1000000	200	10000	300	10671	1293	19200	0	0	0	0	0	0	0	0	10000	0	0	0	0	0		0	0	1	1	1	1	1	1	0,0,0,0
1203	2000105	-1000000	200	10000	300	10671	1293	19200	0	0	0	0	0	0	0	0	10000	0	0	0	0	0		0	0	1	1	1	1	1	1	0,0,0,0
1204	2000106	-1000000	200	10000	300	10671	1293	19200	0	0	0	0	0	0	0	0	10000	0	0	0	0	0		0	0	1	1	1	1	1	1	0,0,0,0
1205	2000109	-1000000	200	10000	300	10671	1293	19200	0	0	0	0	0	0	0	0	10000	0	0	0	0	0		0	0	1	1	1	1	1	1	0,0,0,0
1206	1000003	-1000000	200	10000	300	8610	4112	211120	0	0	0	0	0	0	0	0	10000	0	0	0	0	0		0	3300	1	1	1	1	1	1	0,0,0,0
1207	1000021	-1000000	200	10000	300	7012	3140	163371	0	0	0	0	0	0	0	0	10000	0	0	0	0	0		0	3300	1	1	1	1	1	1	0,0,0,0
1208	1000007	-1000000	200	10000	300	14484	3847	129852	0	0	0	0	0	0	0	0	10000	0	0	0	0	0		0	3300	1	1	1	1	1	1	0,0,0,0
1209	1000008	-1000000	200	10000	300	8610	4112	211120	0	0	0	0	0	0	0	0	10000	0	0	0	0	0		0	3300	1	1	1	1	1	1	0,0,0,0
1210	1000022	-1000000	200	10000	300	14284	2586	82284	0	0	0	0	0	0	0	0	10000	0	0	0	0	0		0	3300	1	1	1	1	1	1	0,0,0,0
1211	1000028	-1000000	200	10000	300	14284	2586	82284	0	0	0	0	0	0	0	0	10000	0	0	0	0	0		0	3300	1	1	1	1	1	1	0,0,0,0
1212	1000004	-1000000	200	10000	300	7012	3140	163371	0	0	0	0	0	0	0	0	10000	0	0	0	0	0		0	3300	1	1	1	1	1	1	0,0,0,0
1213	1000020	-1000000	200	10000	300	7012	3140	163371	0	0	0	0	0	0	0	0	10000	0	0	0	0	0		0	3300	1	1	1	1	1	1	0,0,0,0
1214	1000023	-1000000	200	10000	300	7012	3140	163371	0	0	0	0	0	0	0	0	10000	0	0	0	0	0		0	3300	1	1	1	1	1	1	0,0,0,0
1215	1000005	-1000000	200	10000	300	11580	2963	99900	0	0	0	0	0	0	0	0	10000	0	0	0	0	0		0	3300	1	1	1	1	1	1	0,0,0,0
1216	1000026	-1000000	200	10000	300	14484	3847	129852	0	0	0	0	0	0	0	0	10000	0	0	0	0	0		0	3300	1	1	1	1	1	1	0,0,0,0
1217	1000001	-1000000	200	10000	300	8610	4112	211120	0	0	0	0	0	0	0	0	10000	0	0	0	0	0		0	3300	1	1	1	1	1	1	0,0,0,0
1218	1000001	-1000000	200	10000	300	18161	3294	107244	0	0	0	0	0	0	0	0	10000	0	0	0	0	0		0	3300	1	1	1	1	1	1	0,0,0,0
1219	1000011	-1000000	200	10000	300	29877	5415	182124	0	0	0	0	0	0	0	0	10000	0	0	0	0	0		0	3300	1	1	1	1	1	1	0,0,0,0
1220	2000101	-1000000	200	10000	300	13127	1456	28238	0	0	0	0	0	0	0	0	10000	0	0	0	0	0		0	0	1	1	1	1	1	1	0,0,0,0
1221	2000102	-1000000	200	10000	300	13127	1456	28238	0	0	0	0	0	0	0	0	10000	0	0	0	0	0		0	0	1	1	1	1	1	1	0,0,0,0
1222	2000104	-1000000	200	10000	300	13127	1456	28238	0	0	0	0	0	0	0	0	10000	0	0	0	0	0		0	0	1	1	1	1	1	1	0,0,0,0
1223	2000105	-1000000	200	10000	300	13127	1456	28238	0	0	0	0	0	0	0	0	10000	0	0	0	0	0		0	0	1	1	1	1	1	1	0,0,0,0
1224	2000106	-1000000	200	10000	300	13127	1456	28238	0	0	0	0	0	0	0	0	10000	0	0	0	0	0		0	0	1	1	1	1	1	1	0,0,0,0
1225	2000109	-1000000	200	10000	300	13127	1456	28238	0	0	0	0	0	0	0	0	10000	0	0	0	0	0		0	0	1	1	1	1	1	1	0,0,0,0
1226	1000001	-1000000	200	10000	300	9424	3764	212999	0	0	0	0	0	0	0	0	10000	0	0	0	0	0		0	3300	1	1	1	1	1	1	0,0,0,0
1227	1000002	-1000000	200	10000	300	15136	3546	134440	0	0	0	0	0	0	0	0	10000	0	0	0	0	0		0	3300	1	1	1	1	1	1	0,0,0,0
1228	1000020	-1000000	200	10000	300	9424	3764	212999	0	0	0	0	0	0	0	0	10000	0	0	0	0	0		0	3300	1	1	1	1	1	1	0,0,0,0
1229	1000017	-1000000	200	10000	300	15136	3546	134440	0	0	0	0	0	0	0	0	10000	0	0	0	0	0		0	3300	1	1	1	1	1	1	0,0,0,0
1230	1000005	-1000000	200	10000	300	15136	3546	134440	0	0	0	0	0	0	0	0	10000	0	0	0	0	0		0	3300	1	1	1	1	1	1	0,0,0,0
1231	1000009	-1000000	200	10000	300	19068	4636	176378	0	0	0	0	0	0	0	0	10000	0	0	0	0	0		0	3300	1	1	1	1	1	1	0,0,0,0
1232	1000003	-1000000	200	10000	300	11660	4963	277676	0	0	0	0	0	0	0	0	10000	0	0	0	0	0		0	3300	1	1	1	1	1	1	0,0,0,0
1233	1000026	-1000000	200	10000	300	19068	4636	176378	0	0	0	0	0	0	0	0	10000	0	0	0	0	0		0	3300	1	1	1	1	1	1	0,0,0,0
1234	1000023	-1000000	200	10000	300	9424	3764	212999	0	0	0	0	0	0	0	0	10000	0	0	0	0	0		0	3300	1	1	1	1	1	1	0,0,0,0
1235	1000001	-1000000	200	10000	300	23760	3959	149137	0	0	0	0	0	0	0	0	10000	0	0	0	0	0		0	3300	1	1	1	1	1	1	0,0,0,0
1236	1000001	-1000000	200	10000	300	23760	3959	149137	0	0	0	0	0	0	0	0	10000	0	0	0	0	0		0	3300	1	1	1	1	1	1	0,0,0,0
1237	1000025	-1000000	200	10000	300	15136	3546	134440	0	0	0	0	0	0	0	0	10000	0	0	0	0	0		0	3300	1	1	1	1	1	1	0,0,0,0
1238	1000024	-1000000	200	10000	300	23760	3959	149137	0	0	0	0	0	0	0	0	10000	0	0	0	0	0		0	3300	1	1	1	1	1	1	0,0,0,0
1239	2000101	-1000000	200	10000	300	14851	1630	31425	0	0	0	0	0	0	0	0	10000	0	0	0	0	0		0	0	1	1	1	1	1	1	0,0,0,0
1240	2000102	-1000000	200	10000	300	14851	1630	31425	0	0	0	0	0	0	0	0	10000	0	0	0	0	0		0	0	1	1	1	1	1	1	0,0,0,0
1241	2000104	-1000000	200	10000	300	14851	1630	31425	0	0	0	0	0	0	0	0	10000	0	0	0	0	0		0	0	1	1	1	1	1	1	0,0,0,0
1242	2000105	-1000000	200	10000	300	14851	1630	31425	0	0	0	0	0	0	0	0	10000	0	0	0	0	0		0	0	1	1	1	1	1	1	0,0,0,0
1243	2000106	-1000000	200	10000	300	14851	1630	31425	0	0	0	0	0	0	0	0	10000	0	0	0	0	0		0	0	1	1	1	1	1	1	0,0,0,0
1244	2000109	-1000000	200	10000	300	14851	1630	31425	0	0	0	0	0	0	0	0	10000	0	0	0	0	0		0	0	1	1	1	1	1	1	0,0,0,0
1245	1000027	-1000000	200	10000	300	26560	4401	165041	0	0	0	0	0	0	0	0	10000	0	0	0	0	0		0	3300	1	1	1	1	1	1	0,0,0,0
1246	1000021	-1000000	200	10000	300	10585	4184	236791	0	0	0	0	0	0	0	0	10000	0	0	0	0	0		0	3300	1	1	1	1	1	1	0,0,0,0
1247	1000016	-1000000	200	10000	300	13048	5501	308192	0	0	0	0	0	0	0	0	10000	0	0	0	0	0		0	3300	1	1	1	1	1	1	0,0,0,0
1248	1000023	-1000000	200	10000	300	10585	4184	236791	0	0	0	0	0	0	0	0	10000	0	0	0	0	0		0	3300	1	1	1	1	1	1	0,0,0,0
1249	1000003	-1000000	200	10000	300	13048	5501	308192	0	0	0	0	0	0	0	0	10000	0	0	0	0	0		0	3300	1	1	1	1	1	1	0,0,0,0
1250	1000007	-1000000	200	10000	300	21361	5142	195048	0	0	0	0	0	0	0	0	10000	0	0	0	0	0		0	3300	1	1	1	1	1	1	0,0,0,0
1251	1000001	-1000000	200	10000	300	13048	5501	308192	0	0	0	0	0	0	0	0	10000	0	0	0	0	0		0	3300	1	1	1	1	1	1	0,0,0,0
1252	1000002	-1000000	200	10000	300	17020	3945	148878	0	0	0	0	0	0	0	0	10000	0	0	0	0	0		0	3300	1	1	1	1	1	1	0,0,0,0
1253	1000012	-1000000	200	10000	300	34477	8733	333558	0	0	0	0	0	0	0	0	10000	0	0	0	0	0		0	3300	1	1	1	1	1	1	0,0,0,0
1254	1000026	-1000000	200	10000	300	21361	5142	195048	0	0	0	0	0	0	0	0	10000	0	0	0	0	0		0	3300	1	1	1	1	1	1	0,0,0,0
1255	1000001	-1000000	200	10000	300	26560	4401	165041	0	0	0	0	0	0	0	0	10000	0	0	0	0	0		0	3300	1	1	1	1	1	1	0,0,0,0
1256	2000101	-1000000	200	10000	300	17237	1977	38377	0	0	0	0	0	0	0	0	10000	0	0	0	0	0		0	0	1	1	1	1	1	1	0,0,0,0
1257	2000102	-1000000	200	10000	300	17237	1977	38377	0	0	0	0	0	0	0	0	10000	0	0	0	0	0		0	0	1	1	1	1	1	1	0,0,0,0
1258	2000104	-1000000	200	10000	300	17237	1977	38377	0	0	0	0	0	0	0	0	10000	0	0	0	0	0		0	0	1	1	1	1	1	1	0,0,0,0
1259	2000105	-1000000	200	10000	300	17237	1977	38377	0	0	0	0	0	0	0	0	10000	0	0	0	0	0		0	0	1	1	1	1	1	1	0,0,0,0
1260	2000106	-1000000	200	10000	300	17237	1977	38377	0	0	0	0	0	0	0	0	10000	0	0	0	0	0		0	0	1	1	1	1	1	1	0,0,0,0
1261	2000109	-1000000	200	10000	300	17237	1977	38377	0	0	0	0	0	0	0	0	10000	0	0	0	0	0		0	0	1	1	1	1	1	1	0,0,0,0
1262	1000028	-1000000	200	10000	300	23898	3954	143913	0	0	0	0	0	0	0	0	10000	0	0	0	0	0		0	3300	1	1	1	1	1	1	0,0,0,0
1263	1000004	-1000000	200	10000	300	12237	4774	271840	0	0	0	0	0	0	0	0	10000	0	0	0	0	0		0	3300	1	1	1	1	1	1	0,0,0,0
1264	1000001	-1000000	200	10000	300	12237	4774	271840	0	0	0	0	0	0	0	0	10000	0	0	0	0	0		0	3300	1	1	1	1	1	1	0,0,0,0
1265	1000009	-1000000	200	10000	300	24385	5821	221474	0	0	0	0	0	0	0	0	10000	0	0	0	0	0		0	3300	1	1	1	1	1	1	0,0,0,0
1266	1000003	-1000000	200	10000	300	14936	6214	350367	0	0	0	0	0	0	0	0	10000	0	0	0	0	0		0	3300	1	1	1	1	1	1	0,0,0,0
1267	1000005	-1000000	200	10000	300	19609	4512	170870	0	0	0	0	0	0	0	0	10000	0	0	0	0	0		0	3300	1	1	1	1	1	1	0,0,0,0
1268	1000022	-1000000	200	10000	300	23898	3954	143913	0	0	0	0	0	0	0	0	10000	0	0	0	0	0		0	3300	1	1	1	1	1	1	0,0,0,0
1269	1000008	-1000000	200	10000	300	14936	6214	350367	0	0	0	0	0	0	0	0	10000	0	0	0	0	0		0	3300	1	1	1	1	1	1	0,0,0,0
1270	1000026	-1000000	200	10000	300	24385	5821	221474	0	0	0	0	0	0	0	0	10000	0	0	0	0	0		0	3300	1	1	1	1	1	1	0,0,0,0
1271	1000001	-1000000	200	10000	300	14936	6214	350367	0	0	0	0	0	0	0	0	10000	0	0	0	0	0		0	3300	1	1	1	1	1	1	0,0,0,0
1272	1000020	-1000000	200	10000	300	12237	4774	271840	0	0	0	0	0	0	0	0	10000	0	0	0	0	0		0	3300	1	1	1	1	1	1	0,0,0,0
1273	1000027	-1000000	200	10000	300	30219	5002	187021	0	0	0	0	0	0	0	0	10000	0	0	0	0	0		0	3300	1	1	1	1	1	1	0,0,0,0
1274	1000024	-1000000	200	10000	300	30219	5002	187021	0	0	0	0	0	0	0	0	10000	0	0	0	0	0		0	3300	1	1	1	1	1	1	0,0,0,0
1275	1000019	-1000000	200	10000	300	38808	9748	373289	0	0	0	0	0	0	0	0	10000	0	0	0	0	0		0	3300	1	1	1	1	1	1	0,0,0,0
1276	1000001	-1000000	200	10000	300	30219	5002	187021	0	0	0	0	0	0	0	0	10000	0	0	0	0	0		0	3300	1	1	1	1	1	1	0,0,0,0
1277	1000007	-1000000	200	10000	300	24385	5821	221474	0	0	0	0	0	0	0	0	10000	0	0	0	0	0		0	3300	1	1	1	1	1	1	0,0,0,0
1278	1000012	-1000000	200	10000	300	38808	9748	373289	0	0	0	0	0	0	0	0	10000	0	0	0	0	0		0	3300	1	1	1	1	1	1	0,0,0,0
1279	2000101	-1000000	200	10000	300	19198	2178	42048	0	0	0	0	0	0	0	0	10000	0	0	0	0	0		0	0	1	1	1	1	1	1	0,0,0,0
1280	2000102	-1000000	200	10000	300	19198	2178	42048	0	0	0	0	0	0	0	0	10000	0	0	0	0	0		0	0	1	1	1	1	1	1	0,0,0,0
1281	2000104	-1000000	200	10000	300	19198	2178	42048	0	0	0	0	0	0	0	0	10000	0	0	0	0	0		0	0	1	1	1	1	1	1	0,0,0,0
1282	2000105	-1000000	200	10000	300	19198	2178	42048	0	0	0	0	0	0	0	0	10000	0	0	0	0	0		0	0	1	1	1	1	1	1	0,0,0,0
1283	2000106	-1000000	200	10000	300	19198	2178	42048	0	0	0	0	0	0	0	0	10000	0	0	0	0	0		0	0	1	1	1	1	1	1	0,0,0,0
1284	2000109	-1000000	200	10000	300	19198	2178	42048	0	0	0	0	0	0	0	0	10000	0	0	0	0	0		0	0	1	1	1	1	1	1	0,0,0,0
1285	1000001	-1000000	200	10000	300	14092	5519	313655	0	0	0	0	0	0	0	0	10000	0	0	0	0	0		0	3300	1	1	1	1	1	1	0,0,0,0
1286	1000001	-1000000	200	10000	300	35224	5795	217571	0	0	0	0	0	0	0	0	10000	0	0	0	0	0		0	3300	1	1	1	1	1	1	0,0,0,0
1287	1000016	-1000000	200	10000	300	17306	7224	407359	0	0	0	0	0	0	0	0	10000	0	0	0	0	0		0	3300	1	1	1	1	1	1	0,0,0,0
1288	1000024	-1000000	200	10000	300	35224	5795	217571	0	0	0	0	0	0	0	0	10000	0	0	0	0	0		0	3300	1	1	1	1	1	1	0,0,0,0
1289	1000025	-1000000	200	10000	300	22672	5209	197073	0	0	0	0	0	0	0	0	10000	0	0	0	0	0		0	3300	1	1	1	1	1	1	0,0,0,0
1290	1000002	-1000000	200	10000	300	22672	5209	197073	0	0	0	0	0	0	0	0	10000	0	0	0	0	0		0	3300	1	1	1	1	1	1	0,0,0,0
1291	1000020	-1000000	200	10000	300	14092	5519	313655	0	0	0	0	0	0	0	0	10000	0	0	0	0	0		0	3300	1	1	1	1	1	1	0,0,0,0
1292	1000008	-1000000	200	10000	300	17306	7224	407359	0	0	0	0	0	0	0	0	10000	0	0	0	0	0		0	3300	1	1	1	1	1	1	0,0,0,0
1293	1000007	-1000000	200	10000	300	28370	6759	257337	0	0	0	0	0	0	0	0	10000	0	0	0	0	0		0	3300	1	1	1	1	1	1	0,0,0,0
1294	1000026	-1000000	200	10000	300	28370	6759	257337	0	0	0	0	0	0	0	0	10000	0	0	0	0	0		0	3300	1	1	1	1	1	1	0,0,0,0
1295	1000004	-1000000	200	10000	300	14092	5519	313655	0	0	0	0	0	0	0	0	10000	0	0	0	0	0		0	3300	1	1	1	1	1	1	0,0,0,0
1296	1000019	-1000000	200	10000	300	45583	11409	438129	0	0	0	0	0	0	0	0	10000	0	0	0	0	0		0	3300	1	1	1	1	1	1	0,0,0,0
1297	1000012	-1000000	200	10000	300	45583	11409	438129	0	0	0	0	0	0	0	0	10000	0	0	0	0	0		0	3300	1	1	1	1	1	1	0,0,0,0
1298	2000101	-1000000	200	10000	300	21275	2390	51640	0	0	0	0	0	0	0	0	10000	0	0	0	0	0		0	0	1	1	1	1	1	1	0,0,0,0
1299	2000102	-1000000	200	10000	300	21275	2390	51640	0	0	0	0	0	0	0	0	10000	0	0	0	0	0		0	0	1	1	1	1	1	1	0,0,0,0
1300	2000104	-1000000	200	10000	300	21275	2390	51640	0	0	0	0	0	0	0	0	10000	0	0	0	0	0		0	0	1	1	1	1	1	1	0,0,0,0
1301	2000105	-1000000	200	10000	300	21275	2390	51640	0	0	0	0	0	0	0	0	10000	0	0	0	0	0		0	0	1	1	1	1	1	1	0,0,0,0
1302	2000106	-1000000	200	10000	300	21275	2390	51640	0	0	0	0	0	0	0	0	10000	0	0	0	0	0		0	0	1	1	1	1	1	1	0,0,0,0
1303	2000109	-1000000	200	10000	300	21275	2390	51640	0	0	0	0	0	0	0	0	10000	0	0	0	0	0		0	0	1	1	1	1	1	1	0,0,0,0
1304	1000003	-1000000	200	10000	300	18992	7871	444007	0	0	0	0	0	0	0	0	10000	0	0	0	0	0		0	3300	1	1	1	1	1	1	0,0,0,0
1305	1000021	-1000000	200	10000	300	15509	6026	342190	0	0	0	0	0	0	0	0	10000	0	0	0	0	0		0	3300	1	1	1	1	1	1	0,0,0,0
1306	1000007	-1000000	200	10000	300	31167	7368	279754	0	0	0	0	0	0	0	0	10000	0	0	0	0	0		0	3300	1	1	1	1	1	1	0,0,0,0
1307	1000008	-1000000	200	10000	300	18992	7871	444007	0	0	0	0	0	0	0	0	10000	0	0	0	0	0		0	3300	1	1	1	1	1	1	0,0,0,0
1308	1000022	-1000000	200	10000	300	30437	4986	181035	0	0	0	0	0	0	0	0	10000	0	0	0	0	0		0	3300	1	1	1	1	1	1	0,0,0,0
1309	1000028	-1000000	200	10000	300	30437	4986	181035	0	0	0	0	0	0	0	0	10000	0	0	0	0	0		0	3300	1	1	1	1	1	1	0,0,0,0
1310	1000004	-1000000	200	10000	300	15509	6026	342190	0	0	0	0	0	0	0	0	10000	0	0	0	0	0		0	3300	1	1	1	1	1	1	0,0,0,0
1311	1000020	-1000000	200	10000	300	15509	6026	342190	0	0	0	0	0	0	0	0	10000	0	0	0	0	0		0	3300	1	1	1	1	1	1	0,0,0,0
1312	1000023	-1000000	200	10000	300	15509	6026	342190	0	0	0	0	0	0	0	0	10000	0	0	0	0	0		0	3300	1	1	1	1	1	1	0,0,0,0
1313	1000005	-1000000	200	10000	300	24974	5691	214448	0	0	0	0	0	0	0	0	10000	0	0	0	0	0		0	3300	1	1	1	1	1	1	0,0,0,0
1314	1000026	-1000000	200	10000	300	31167	7368	279754	0	0	0	0	0	0	0	0	10000	0	0	0	0	0		0	3300	1	1	1	1	1	1	0,0,0,0
1315	1000001	-1000000	200	10000	300	18992	7871	444007	0	0	0	0	0	0	0	0	10000	0	0	0	0	0		0	3300	1	1	1	1	1	1	0,0,0,0
1316	1000001	-1000000	200	10000	300	38630	6327	236667	0	0	0	0	0	0	0	0	10000	0	0	0	0	0		0	3300	1	1	1	1	1	1	0,0,0,0
1317	1000011	-1000000	200	10000	300	63371	10352	403560	0	0	0	0	0	0	0	0	10000	0	0	0	0	0		0	3300	1	1	1	1	1	1	0,0,0,0
1318	2000101	-1000000	200	10000	300	23451	2612	56184	0	0	0	0	0	0	0	0	10000	0	0	0	0	0		0	0	1	1	1	1	1	1	0,0,0,0
1319	2000102	-1000000	200	10000	300	23451	2612	56184	0	0	0	0	0	0	0	0	10000	0	0	0	0	0		0	0	1	1	1	1	1	1	0,0,0,0
1320	2000104	-1000000	200	10000	300	23451	2612	56184	0	0	0	0	0	0	0	0	10000	0	0	0	0	0		0	0	1	1	1	1	1	1	0,0,0,0
1321	2000105	-1000000	200	10000	300	23451	2612	56184	0	0	0	0	0	0	0	0	10000	0	0	0	0	0		0	0	1	1	1	1	1	1	0,0,0,0
1322	2000106	-1000000	200	10000	300	23451	2612	56184	0	0	0	0	0	0	0	0	10000	0	0	0	0	0		0	0	1	1	1	1	1	1	0,0,0,0
1323	2000109	-1000000	200	10000	300	23451	2612	56184	0	0	0	0	0	0	0	0	10000	0	0	0	0	0		0	0	1	1	1	1	1	1	0,0,0,0
1324	1000001	-1000000	200	10000	300	17001	6558	371603	0	0	0	0	0	0	0	0	10000	0	0	0	0	0		0	3300	1	1	1	1	1	1	0,0,0,0
1325	1000002	-1000000	200	10000	300	27381	6196	232632	0	0	0	0	0	0	0	0	10000	0	0	0	0	0		0	3300	1	1	1	1	1	1	0,0,0,0
1326	1000020	-1000000	200	10000	300	17001	6558	371603	0	0	0	0	0	0	0	0	10000	0	0	0	0	0		0	3300	1	1	1	1	1	1	0,0,0,0
1327	1000017	-1000000	200	10000	300	27381	6196	232632	0	0	0	0	0	0	0	0	10000	0	0	0	0	0		0	3300	1	1	1	1	1	1	0,0,0,0
1328	1000005	-1000000	200	10000	300	27381	6196	232632	0	0	0	0	0	0	0	0	10000	0	0	0	0	0		0	3300	1	1	1	1	1	1	0,0,0,0
1329	1000009	-1000000	200	10000	300	34091	8005	303183	0	0	0	0	0	0	0	0	10000	0	0	0	0	0		0	3300	1	1	1	1	1	1	0,0,0,0
1330	1000003	-1000000	200	10000	300	20764	8548	481890	0	0	0	0	0	0	0	0	10000	0	0	0	0	0		0	3300	1	1	1	1	1	1	0,0,0,0
1331	1000026	-1000000	200	10000	300	34091	8005	303183	0	0	0	0	0	0	0	0	10000	0	0	0	0	0		0	3300	1	1	1	1	1	1	0,0,0,0
1332	1000023	-1000000	200	10000	300	17001	6558	371603	0	0	0	0	0	0	0	0	10000	0	0	0	0	0		0	3300	1	1	1	1	1	1	0,0,0,0
1333	1000001	-1000000	200	10000	300	42189	6886	256625	0	0	0	0	0	0	0	0	10000	0	0	0	0	0		0	3300	1	1	1	1	1	1	0,0,0,0
1334	1000001	-1000000	200	10000	300	42189	6886	256625	0	0	0	0	0	0	0	0	10000	0	0	0	0	0		0	3300	1	1	1	1	1	1	0,0,0,0
1335	1000025	-1000000	200	10000	300	27381	6196	232632	0	0	0	0	0	0	0	0	10000	0	0	0	0	0		0	3300	1	1	1	1	1	1	0,0,0,0
1336	1000024	-1000000	200	10000	300	42189	6886	256625	0	0	0	0	0	0	0	0	10000	0	0	0	0	0		0	3300	1	1	1	1	1	1	0,0,0,0
1337	2000101	-1000000	200	10000	300	26265	3030	72755	0	0	0	0	0	0	0	0	10000	0	0	0	0	0		0	0	1	1	1	1	1	1	0,0,0,0
1338	2000102	-1000000	200	10000	300	26265	3030	72755	0	0	0	0	0	0	0	0	10000	0	0	0	0	0		0	0	1	1	1	1	1	1	0,0,0,0
1339	2000104	-1000000	200	10000	300	26265	3030	72755	0	0	0	0	0	0	0	0	10000	0	0	0	0	0		0	0	1	1	1	1	1	1	0,0,0,0
1340	2000105	-1000000	200	10000	300	26265	3030	72755	0	0	0	0	0	0	0	0	10000	0	0	0	0	0		0	0	1	1	1	1	1	1	0,0,0,0
1341	2000106	-1000000	200	10000	300	26265	3030	72755	0	0	0	0	0	0	0	0	10000	0	0	0	0	0		0	0	1	1	1	1	1	1	0,0,0,0
1342	2000109	-1000000	200	10000	300	26265	3030	72755	0	0	0	0	0	0	0	0	10000	0	0	0	0	0		0	0	1	1	1	1	1	1	0,0,0,0
1343	1000027	-1000000	200	10000	300	48669	7950	297390	0	0	0	0	0	0	0	0	10000	0	0	0	0	0		0	3300	1	1	1	1	1	1	0,0,0,0
1344	1000021	-1000000	200	10000	300	19611	7578	428418	0	0	0	0	0	0	0	0	10000	0	0	0	0	0		0	3300	1	1	1	1	1	1	0,0,0,0
1345	1000016	-1000000	200	10000	300	23964	9872	556338	0	0	0	0	0	0	0	0	10000	0	0	0	0	0		0	3300	1	1	1	1	1	1	0,0,0,0
1346	1000023	-1000000	200	10000	300	19611	7578	428418	0	0	0	0	0	0	0	0	10000	0	0	0	0	0		0	3300	1	1	1	1	1	1	0,0,0,0
1347	1000003	-1000000	200	10000	300	23964	9872	556338	0	0	0	0	0	0	0	0	10000	0	0	0	0	0		0	3300	1	1	1	1	1	1	0,0,0,0
1348	1000007	-1000000	200	10000	300	39293	9246	351662	0	0	0	0	0	0	0	0	10000	0	0	0	0	0		0	3300	1	1	1	1	1	1	0,0,0,0
1349	1000001	-1000000	200	10000	300	23964	9872	556338	0	0	0	0	0	0	0	0	10000	0	0	0	0	0		0	3300	1	1	1	1	1	1	0,0,0,0
1350	1000002	-1000000	200	10000	300	31511	7161	270034	0	0	0	0	0	0	0	0	10000	0	0	0	0	0		0	3300	1	1	1	1	1	1	0,0,0,0
1351	1000012	-1000000	200	10000	300	62795	15501	596545	0	0	0	0	0	0	0	0	10000	0	0	0	0	0		0	3300	1	1	1	1	1	1	0,0,0,0
1352	1000026	-1000000	200	10000	300	39293	9246	351662	0	0	0	0	0	0	0	0	10000	0	0	0	0	0		0	3300	1	1	1	1	1	1	0,0,0,0
1353	1000001	-1000000	200	10000	300	48669	7950	297390	0	0	0	0	0	0	0	0	10000	0	0	0	0	0		0	3300	1	1	1	1	1	1	0,0,0,0
1354	2000101	-1000000	200	10000	300	28618	3279	78407	0	0	0	0	0	0	0	0	10000	0	0	0	0	0		0	0	1	1	1	1	1	1	0,0,0,0
1355	2000102	-1000000	200	10000	300	28618	3279	78407	0	0	0	0	0	0	0	0	10000	0	0	0	0	0		0	0	1	1	1	1	1	1	0,0,0,0
1356	2000104	-1000000	200	10000	300	28618	3279	78407	0	0	0	0	0	0	0	0	10000	0	0	0	0	0		0	0	1	1	1	1	1	1	0,0,0,0
1357	2000105	-1000000	200	10000	300	28618	3279	78407	0	0	0	0	0	0	0	0	10000	0	0	0	0	0		0	0	1	1	1	1	1	1	0,0,0,0
1358	2000106	-1000000	200	10000	300	28618	3279	78407	0	0	0	0	0	0	0	0	10000	0	0	0	0	0		0	0	1	1	1	1	1	1	0,0,0,0
1359	2000109	-1000000	200	10000	300	28618	3279	78407	0	0	0	0	0	0	0	0	10000	0	0	0	0	0		0	0	1	1	1	1	1	1	0,0,0,0
1360	1000001	-1000000	200	10000	300	52589	8574	319677	0	0	0	0	0	0	0	0	10000	0	0	0	0	0		0	3300	1	1	1	1	1	1	0,0,0,0
1361	1000027	-1000000	200	10000	300	52589	8574	319677	0	0	0	0	0	0	0	0	10000	0	0	0	0	0		0	3300	1	1	1	1	1	1	0,0,0,0
1362	1000016	-1000000	200	10000	300	25948	10628	596979	0	0	0	0	0	0	0	0	10000	0	0	0	0	0		0	3300	1	1	1	1	1	1	0,0,0,0
1363	1000022	-1000000	200	10000	300	41534	6789	245157	0	0	0	0	0	0	0	0	10000	0	0	0	0	0		0	3300	1	1	1	1	1	1	0,0,0,0
1364	1000024	-1000000	200	10000	300	52589	8574	319677	0	0	0	0	0	0	0	0	10000	0	0	0	0	0		0	3300	1	1	1	1	1	1	0,0,0,0
1365	1000007	-1000000	200	10000	300	42509	9958	377825	0	0	0	0	0	0	0	0	10000	0	0	0	0	0		0	3300	1	1	1	1	1	1	0,0,0,0
1366	1000011	-1000000	200	10000	300	85968	13931	543237	0	0	0	0	0	0	0	0	10000	0	0	0	0	0		0	3300	1	1	1	1	1	1	0,0,0,0
1367	1000015	-1000000	200	10000	300	85968	13931	543237	0	0	0	0	0	0	0	0	10000	0	0	0	0	0		0	3300	1	1	1	1	1	1	0,0,0,0
1368	2000101	-1000000	200	10000	300	106	36	434	0	0	0	0	0	0	0	0	10000	0	0	0	0	0		0	0	1	1	1	1	1	1	0,0,0,0
1369	2000102	-1000000	200	10000	300	106	36	434	0	0	0	0	0	0	0	0	10000	0	0	0	0	0		0	0	1	1	1	1	1	1	0,0,0,0
1370	2000104	-1000000	200	10000	300	106	36	434	0	0	0	0	0	0	0	0	10000	0	0	0	0	0		0	0	1	1	1	1	1	1	0,0,0,0
1371	2000105	-1000000	200	10000	300	106	36	434	0	0	0	0	0	0	0	0	10000	0	0	0	0	0		0	0	1	1	1	1	1	1	0,0,0,0
1372	2000106	-1000000	200	10000	300	106	36	434	0	0	0	0	0	0	0	0	10000	0	0	0	0	0		0	0	1	1	1	1	1	1	0,0,0,0
1373	2000109	-1000000	200	10000	300	106	36	434	0	0	0	0	0	0	0	0	10000	0	0	0	0	0		0	0	1	1	1	1	1	1	0,0,0,0
1374	1000028	-1000000	200	10000	300	271	86	3240	0	0	0	0	0	0	0	0	10000	0	0	0	0	0		0	3300	1	1	1	1	1	1	0,0,0,0
1375	1000003	-1000000	200	10000	300	259	178	5635	0	0	0	0	0	0	0	0	10000	0	0	0	0	0		0	3300	1	1	1	1	1	1	0,0,0,0
1376	1000001	-1000000	200	10000	300	410	130	4860	0	0	0	0	0	0	0	0	10000	0	0	0	0	0		0	3300	1	1	1	1	1	1	0,0,0,0
1377	1000001	-1000000	200	10000	300	173	119	3721	0	0	0	0	0	0	0	0	10000	0	0	0	0	0		0	3300	1	1	1	1	1	1	0,0,0,0
1378	2000101	-1000000	200	10000	300	314	106	1256	0	0	0	0	0	0	0	0	10000	0	0	0	0	0		0	0	1	1	1	1	1	1	0,0,0,0
1379	2000102	-1000000	200	10000	300	314	106	1256	0	0	0	0	0	0	0	0	10000	0	0	0	0	0		0	0	1	1	1	1	1	1	0,0,0,0
1380	2000104	-1000000	200	10000	300	314	106	1256	0	0	0	0	0	0	0	0	10000	0	0	0	0	0		0	0	1	1	1	1	1	1	0,0,0,0
1381	2000105	-1000000	200	10000	300	314	106	1256	0	0	0	0	0	0	0	0	10000	0	0	0	0	0		0	0	1	1	1	1	1	1	0,0,0,0
1382	2000106	-1000000	200	10000	300	314	106	1256	0	0	0	0	0	0	0	0	10000	0	0	0	0	0		0	0	1	1	1	1	1	1	0,0,0,0
1383	2000109	-1000000	200	10000	300	314	106	1256	0	0	0	0	0	0	0	0	10000	0	0	0	0	0		0	0	1	1	1	1	1	1	0,0,0,0
1384	1000024	-1000000	200	10000	300	859	282	10188	0	0	0	0	0	0	0	0	10000	0	0	0	0	0		0	3300	1	1	1	1	1	1	0,0,0,0
1385	1000027	-1000000	200	10000	300	859	282	10188	0	0	0	0	0	0	0	0	10000	0	0	0	0	0		0	3300	1	1	1	1	1	1	0,0,0,0
1386	1000002	-1000000	200	10000	300	552	248	7575	0	0	0	0	0	0	0	0	10000	0	0	0	0	0		0	3300	1	1	1	1	1	1	0,0,0,0
1387	1000009	-1000000	200	10000	300	744	337	10230	0	0	0	0	0	0	0	0	10000	0	0	0	0	0		0	3300	1	1	1	1	1	1	0,0,0,0
1388	1000021	-1000000	200	10000	300	452	266	8538	0	0	0	0	0	0	0	0	10000	0	0	0	0	0		0	3300	1	1	1	1	1	1	0,0,0,0
1389	1000007	-1000000	200	10000	300	744	337	10230	0	0	0	0	0	0	0	0	10000	0	0	0	0	0		0	3300	1	1	1	1	1	1	0,0,0,0
1390	1000001	-1000000	200	10000	300	452	266	8538	0	0	0	0	0	0	0	0	10000	0	0	0	0	0		0	3300	1	1	1	1	1	1	0,0,0,0
1391	1000001	-1000000	200	10000	300	859	282	10188	0	0	0	0	0	0	0	0	10000	0	0	0	0	0		0	3300	1	1	1	1	1	1	0,0,0,0
1392	2000101	-1000000	200	10000	300	366	120	1418	0	0	0	0	0	0	0	0	10000	0	0	0	0	0		0	0	1	1	1	1	1	1	0,0,0,0
1393	2000102	-1000000	200	10000	300	366	120	1418	0	0	0	0	0	0	0	0	10000	0	0	0	0	0		0	0	1	1	1	1	1	1	0,0,0,0
1394	2000104	-1000000	200	10000	300	366	120	1418	0	0	0	0	0	0	0	0	10000	0	0	0	0	0		0	0	1	1	1	1	1	1	0,0,0,0
1395	2000105	-1000000	200	10000	300	366	120	1418	0	0	0	0	0	0	0	0	10000	0	0	0	0	0		0	0	1	1	1	1	1	1	0,0,0,0
1396	2000106	-1000000	200	10000	300	366	120	1418	0	0	0	0	0	0	0	0	10000	0	0	0	0	0		0	0	1	1	1	1	1	1	0,0,0,0
1397	2000109	-1000000	200	10000	300	366	120	1418	0	0	0	0	0	0	0	0	10000	0	0	0	0	0		0	0	1	1	1	1	1	1	0,0,0,0
1398	1000020	-1000000	200	10000	300	536	299	9654	0	0	0	0	0	0	0	0	10000	0	0	0	0	0		0	3300	1	1	1	1	1	1	0,0,0,0
1399	1000005	-1000000	200	10000	300	649	280	8550	0	0	0	0	0	0	0	0	10000	0	0	0	0	0		0	3300	1	1	1	1	1	1	0,0,0,0
1400	1000022	-1000000	200	10000	300	732	240	8508	0	0	0	0	0	0	0	0	10000	0	0	0	0	0		0	3300	1	1	1	1	1	1	0,0,0,0
1401	1000002	-1000000	200	10000	300	649	280	8550	0	0	0	0	0	0	0	0	10000	0	0	0	0	0		0	3300	1	1	1	1	1	1	0,0,0,0
1402	2000101	-1000000	200	10000	300	557	183	2101	0	0	0	0	0	0	0	0	10000	0	0	0	0	0		0	0	1	1	1	1	1	1	0,0,0,0
1403	2000102	-1000000	200	10000	300	557	183	2101	0	0	0	0	0	0	0	0	10000	0	0	0	0	0		0	0	1	1	1	1	1	1	0,0,0,0
1404	2000104	-1000000	200	10000	300	557	183	2101	0	0	0	0	0	0	0	0	10000	0	0	0	0	0		0	0	1	1	1	1	1	1	0,0,0,0
1405	2000105	-1000000	200	10000	300	557	183	2101	0	0	0	0	0	0	0	0	10000	0	0	0	0	0		0	0	1	1	1	1	1	1	0,0,0,0
1406	2000106	-1000000	200	10000	300	557	183	2101	0	0	0	0	0	0	0	0	10000	0	0	0	0	0		0	0	1	1	1	1	1	1	0,0,0,0
1407	2000109	-1000000	200	10000	300	557	183	2101	0	0	0	0	0	0	0	0	10000	0	0	0	0	0		0	0	1	1	1	1	1	1	0,0,0,0
1408	1000023	-1000000	200	10000	300	827	449	14303	0	0	0	0	0	0	0	0	10000	0	0	0	0	0		0	3300	1	1	1	1	1	1	0,0,0,0
1409	1000017	-1000000	200	10000	300	995	422	12645	0	0	0	0	0	0	0	0	10000	0	0	0	0	0		0	3300	1	1	1	1	1	1	0,0,0,0
1410	1000009	-1000000	200	10000	300	1300	560	16785	0	0	0	0	0	0	0	0	10000	0	0	0	0	0		0	3300	1	1	1	1	1	1	0,0,0,0
1411	1000028	-1000000	200	10000	300	1114	365	12603	0	0	0	0	0	0	0	0	10000	0	0	0	0	0		0	3300	1	1	1	1	1	1	0,0,0,0
1412	1000007	-1000000	200	10000	300	1300	560	16785	0	0	0	0	0	0	0	0	10000	0	0	0	0	0		0	3300	1	1	1	1	1	1	0,0,0,0
1413	1000016	-1000000	200	10000	300	1047	601	19306	0	0	0	0	0	0	0	0	10000	0	0	0	0	0		0	3300	1	1	1	1	1	1	0,0,0,0
1414	1000021	-1000000	200	10000	300	827	449	14303	0	0	0	0	0	0	0	0	10000	0	0	0	0	0		0	3300	1	1	1	1	1	1	0,0,0,0
1415	2000101	-1000000	200	10000	300	1073	374	3993	0	0	0	0	0	0	0	0	10000	0	0	0	0	0		0	0	1	1	1	1	1	1	0,0,0,0
1416	2000102	-1000000	200	10000	300	1073	374	3993	0	0	0	0	0	0	0	0	10000	0	0	0	0	0		0	0	1	1	1	1	1	1	0,0,0,0
1417	2000104	-1000000	200	10000	300	1073	374	3993	0	0	0	0	0	0	0	0	10000	0	0	0	0	0		0	0	1	1	1	1	1	1	0,0,0,0
1418	2000105	-1000000	200	10000	300	1073	374	3993	0	0	0	0	0	0	0	0	10000	0	0	0	0	0		0	0	1	1	1	1	1	1	0,0,0,0
1419	2000106	-1000000	200	10000	300	1073	374	3993	0	0	0	0	0	0	0	0	10000	0	0	0	0	0		0	0	1	1	1	1	1	1	0,0,0,0
1420	2000109	-1000000	200	10000	300	1073	374	3993	0	0	0	0	0	0	0	0	10000	0	0	0	0	0		0	0	1	1	1	1	1	1	0,0,0,0
1421	1000016	-1000000	200	10000	300	1469	828	26665	0	0	0	0	0	0	0	0	10000	0	0	0	0	0		0	3300	1	1	1	1	1	1	0,0,0,0
1422	1000001	-1000000	200	10000	300	2071	660	22848	0	0	0	0	0	0	0	0	10000	0	0	0	0	0		0	3300	1	1	1	1	1	1	0,0,0,0
1423	1000003	-1000000	200	10000	300	1469	828	26665	0	0	0	0	0	0	0	0	10000	0	0	0	0	0		0	3300	1	1	1	1	1	1	0,0,0,0
1424	1000004	-1000000	200	10000	300	1173	624	19921	0	0	0	0	0	0	0	0	10000	0	0	0	0	0		0	3300	1	1	1	1	1	1	0,0,0,0
1425	1000001	-1000000	200	10000	300	1469	828	26665	0	0	0	0	0	0	0	0	10000	0	0	0	0	0		0	3300	1	1	1	1	1	1	0,0,0,0
1426	1000023	-1000000	200	10000	300	1173	624	19921	0	0	0	0	0	0	0	0	10000	0	0	0	0	0		0	3300	1	1	1	1	1	1	0,0,0,0
1427	1000002	-1000000	200	10000	300	1419	587	17340	0	0	0	0	0	0	0	0	10000	0	0	0	0	0		0	3300	1	1	1	1	1	1	0,0,0,0
1428	1000028	-1000000	200	10000	300	1579	512	17298	0	0	0	0	0	0	0	0	10000	0	0	0	0	0		0	3300	1	1	1	1	1	1	0,0,0,0
1429	1000008	-1000000	200	10000	300	1469	828	26665	0	0	0	0	0	0	0	0	10000	0	0	0	0	0		0	3300	1	1	1	1	1	1	0,0,0,0
1430	1000007	-1000000	200	10000	300	1830	772	22890	0	0	0	0	0	0	0	0	10000	0	0	0	0	0		0	3300	1	1	1	1	1	1	0,0,0,0
1431	1000025	-1000000	200	10000	300	1419	587	17340	0	0	0	0	0	0	0	0	10000	0	0	0	0	0		0	3300	1	1	1	1	1	1	0,0,0,0
1432	1000026	-1000000	200	10000	300	1830	772	22890	0	0	0	0	0	0	0	0	10000	0	0	0	0	0		0	3300	1	1	1	1	1	1	0,0,0,0
1433	2000101	-1000000	200	10000	300	1848	520	6727	0	0	0	0	0	0	0	0	10000	0	0	0	0	0		0	0	1	1	1	1	1	1	0,0,0,0
1434	2000102	-1000000	200	10000	300	1848	520	6727	0	0	0	0	0	0	0	0	10000	0	0	0	0	0		0	0	1	1	1	1	1	1	0,0,0,0
1435	2000104	-1000000	200	10000	300	1848	520	6727	0	0	0	0	0	0	0	0	10000	0	0	0	0	0		0	0	1	1	1	1	1	1	0,0,0,0
1436	2000105	-1000000	200	10000	300	1848	520	6727	0	0	0	0	0	0	0	0	10000	0	0	0	0	0		0	0	1	1	1	1	1	1	0,0,0,0
1437	2000106	-1000000	200	10000	300	1848	520	6727	0	0	0	0	0	0	0	0	10000	0	0	0	0	0		0	0	1	1	1	1	1	1	0,0,0,0
1438	2000109	-1000000	200	10000	300	1848	520	6727	0	0	0	0	0	0	0	0	10000	0	0	0	0	0		0	0	1	1	1	1	1	1	0,0,0,0
1439	1000012	-1000000	200	10000	300	5957	790	76800	0	0	0	0	0	0	0	0	10000	0	0	0	0	0		0	3300	1	1	1	1	1	1	0,0,0,0
1440	1000007	-1000000	200	10000	300	3547	1605	44805	0	0	0	0	0	0	0	0	10000	0	0	0	0	0		0	3300	1	1	1	1	1	1	0,0,0,0
1441	1000028	-1000000	200	10000	300	3080	1040	33636	0	0	0	0	0	0	0	0	10000	0	0	0	0	0		0	3300	1	1	1	1	1	1	0,0,0,0
1442	1000027	-1000000	200	10000	300	4030	1356	44301	0	0	0	0	0	0	0	0	10000	0	0	0	0	0		0	3300	1	1	1	1	1	1	0,0,0,0
1443	1000024	-1000000	200	10000	300	4030	1356	44301	0	0	0	0	0	0	0	0	10000	0	0	0	0	0		0	3300	1	1	1	1	1	1	0,0,0,0
1444	1000002	-1000000	200	10000	300	2754	1210	34140	0	0	0	0	0	0	0	0	10000	0	0	0	0	0		0	3300	1	1	1	1	1	1	0,0,0,0
1445	1000001	-1000000	200	10000	300	2790	1724	53778	0	0	0	0	0	0	0	0	10000	0	0	0	0	0		0	3300	1	1	1	1	1	1	0,0,0,0
1446	1000001	-1000000	200	10000	300	4030	1356	44301	0	0	0	0	0	0	0	0	10000	0	0	0	0	0		0	3300	1	1	1	1	1	1	0,0,0,0
1447	1000023	-1000000	200	10000	300	2222	1289	40739	0	0	0	0	0	0	0	0	10000	0	0	0	0	0		0	3300	1	1	1	1	1	1	0,0,0,0
1448	1000009	-1000000	200	10000	300	3547	1605	44805	0	0	0	0	0	0	0	0	10000	0	0	0	0	0		0	3300	1	1	1	1	1	1	0,0,0,0
1449	1000021	-1000000	200	10000	300	2222	1289	40739	0	0	0	0	0	0	0	0	10000	0	0	0	0	0		0	3300	1	1	1	1	1	1	0,0,0,0
1450	1000016	-1000000	200	10000	300	2790	1724	53778	0	0	0	0	0	0	0	0	10000	0	0	0	0	0		0	3300	1	1	1	1	1	1	0,0,0,0
1451	2000101	-1000000	200	10000	300	2734	624	8011	0	0	0	0	0	0	0	0	10000	0	0	0	0	0		0	0	1	1	1	1	1	1	0,0,0,0
1452	2000102	-1000000	200	10000	300	2734	624	8011	0	0	0	0	0	0	0	0	10000	0	0	0	0	0		0	0	1	1	1	1	1	1	0,0,0,0
1453	2000104	-1000000	200	10000	300	2734	624	8011	0	0	0	0	0	0	0	0	10000	0	0	0	0	0		0	0	1	1	1	1	1	1	0,0,0,0
1454	2000105	-1000000	200	10000	300	2734	624	8011	0	0	0	0	0	0	0	0	10000	0	0	0	0	0		0	0	1	1	1	1	1	1	0,0,0,0
1455	2000106	-1000000	200	10000	300	2734	624	8011	0	0	0	0	0	0	0	0	10000	0	0	0	0	0		0	0	1	1	1	1	1	1	0,0,0,0
1456	2000109	-1000000	200	10000	300	2734	624	8011	0	0	0	0	0	0	0	0	10000	0	0	0	0	0		0	0	1	1	1	1	1	1	0,0,0,0
1457	1000007	-1000000	200	10000	300	5223	1907	63792	0	0	0	0	0	0	0	0	10000	0	0	0	0	0		0	3300	1	1	1	1	1	1	0,0,0,0
1458	1000026	-1000000	200	10000	300	5223	1907	63792	0	0	0	0	0	0	0	0	10000	0	0	0	0	0		0	3300	1	1	1	1	1	1	0,0,0,0
1459	1000027	-1000000	200	10000	300	5907	1618	52656	0	0	0	0	0	0	0	0	10000	0	0	0	0	0		0	3300	1	1	1	1	1	1	0,0,0,0
1460	1000024	-1000000	200	10000	300	5907	1618	52656	0	0	0	0	0	0	0	0	10000	0	0	0	0	0		0	3300	1	1	1	1	1	1	0,0,0,0
1461	1000023	-1000000	200	10000	300	2709	1538	59674	0	0	0	0	0	0	0	0	10000	0	0	0	0	0		0	3300	1	1	1	1	1	1	0,0,0,0
1462	1000002	-1000000	200	10000	300	4096	1445	48672	0	0	0	0	0	0	0	0	10000	0	0	0	0	0		0	3300	1	1	1	1	1	1	0,0,0,0
1463	1000028	-1000000	200	10000	300	4557	1249	40056	0	0	0	0	0	0	0	0	10000	0	0	0	0	0		0	3300	1	1	1	1	1	1	0,0,0,0
1464	1000009	-1000000	200	10000	300	5223	1907	63792	0	0	0	0	0	0	0	0	10000	0	0	0	0	0		0	3300	1	1	1	1	1	1	0,0,0,0
1465	2000101	-1000000	200	10000	300	3396	739	9415	0	0	0	0	0	0	0	0	10000	0	0	0	0	0		0	0	1	1	1	1	1	1	0,0,0,0
1466	2000102	-1000000	200	10000	300	3396	739	9415	0	0	0	0	0	0	0	0	10000	0	0	0	0	0		0	0	1	1	1	1	1	1	0,0,0,0
1467	2000104	-1000000	200	10000	300	3396	739	9415	0	0	0	0	0	0	0	0	10000	0	0	0	0	0		0	0	1	1	1	1	1	1	0,0,0,0
1468	2000105	-1000000	200	10000	300	3396	739	9415	0	0	0	0	0	0	0	0	10000	0	0	0	0	0		0	0	1	1	1	1	1	1	0,0,0,0
1469	2000106	-1000000	200	10000	300	3396	739	9415	0	0	0	0	0	0	0	0	10000	0	0	0	0	0		0	0	1	1	1	1	1	1	0,0,0,0
1470	2000109	-1000000	200	10000	300	3396	739	9415	0	0	0	0	0	0	0	0	10000	0	0	0	0	0		0	0	1	1	1	1	1	1	0,0,0,0
1471	1000009	-1000000	200	10000	300	6466	2238	74718	0	0	0	0	0	0	0	0	10000	0	0	0	0	0		0	3300	1	1	1	1	1	1	0,0,0,0
1472	1000004	-1000000	200	10000	300	3252	1811	73314	0	0	0	0	0	0	0	0	10000	0	0	0	0	0		0	3300	1	1	1	1	1	1	0,0,0,0
1473	1000003	-1000000	200	10000	300	4036	2398	95653	0	0	0	0	0	0	0	0	10000	0	0	0	0	0		0	3300	1	1	1	1	1	1	0,0,0,0
1474	1000001	-1000000	200	10000	300	7286	1906	61761	0	0	0	0	0	0	0	0	10000	0	0	0	0	0		0	3300	1	1	1	1	1	1	0,0,0,0
1475	1000024	-1000000	200	10000	300	7286	1906	61761	0	0	0	0	0	0	0	0	10000	0	0	0	0	0		0	3300	1	1	1	1	1	1	0,0,0,0
1476	1000020	-1000000	200	10000	300	3252	1811	73314	0	0	0	0	0	0	0	0	10000	0	0	0	0	0		0	3300	1	1	1	1	1	1	0,0,0,0
1477	1000001	-1000000	200	10000	300	3252	1811	73314	0	0	0	0	0	0	0	0	10000	0	0	0	0	0		0	3300	1	1	1	1	1	1	0,0,0,0
1478	1000002	-1000000	200	10000	300	5107	1704	57096	0	0	0	0	0	0	0	0	10000	0	0	0	0	0		0	3300	1	1	1	1	1	1	0,0,0,0
1479	1000001	-1000000	200	10000	300	7286	1906	61761	0	0	0	0	0	0	0	0	10000	0	0	0	0	0		0	3300	1	1	1	1	1	1	0,0,0,0
1480	2000101	-1000000	200	10000	300	4909	865	12762	0	0	0	0	0	0	0	0	10000	0	0	0	0	0		0	0	1	1	1	1	1	1	0,0,0,0
1481	2000102	-1000000	200	10000	300	4909	865	12762	0	0	0	0	0	0	0	0	10000	0	0	0	0	0		0	0	1	1	1	1	1	1	0,0,0,0
1482	2000104	-1000000	200	10000	300	4909	865	12762	0	0	0	0	0	0	0	0	10000	0	0	0	0	0		0	0	1	1	1	1	1	1	0,0,0,0
1483	2000105	-1000000	200	10000	300	4909	865	12762	0	0	0	0	0	0	0	0	10000	0	0	0	0	0		0	0	1	1	1	1	1	1	0,0,0,0
1484	2000106	-1000000	200	10000	300	4909	865	12762	0	0	0	0	0	0	0	0	10000	0	0	0	0	0		0	0	1	1	1	1	1	1	0,0,0,0
1485	2000109	-1000000	200	10000	300	4909	865	12762	0	0	0	0	0	0	0	0	10000	0	0	0	0	0		0	0	1	1	1	1	1	1	0,0,0,0
1486	1000002	-1000000	200	10000	300	6878	2174	73008	0	0	0	0	0	0	0	0	10000	0	0	0	0	0		0	3300	1	1	1	1	1	1	0,0,0,0
1487	1000022	-1000000	200	10000	300	7647	1880	60336	0	0	0	0	0	0	0	0	10000	0	0	0	0	0		0	3300	1	1	1	1	1	1	0,0,0,0
1488	1000008	-1000000	200	10000	300	5205	3091	130000	0	0	0	0	0	0	0	0	10000	0	0	0	0	0		0	3300	1	1	1	1	1	1	0,0,0,0
1489	1000028	-1000000	200	10000	300	7647	1880	60336	0	0	0	0	0	0	0	0	10000	0	0	0	0	0		0	3300	1	1	1	1	1	1	0,0,0,0
1490	1000016	-1000000	200	10000	300	5205	3091	130000	0	0	0	0	0	0	0	0	10000	0	0	0	0	0		0	3300	1	1	1	1	1	1	0,0,0,0
1491	1000009	-1000000	200	10000	300	8788	2879	96696	0	0	0	0	0	0	0	0	10000	0	0	0	0	0		0	3300	1	1	1	1	1	1	0,0,0,0
1492	1000021	-1000000	200	10000	300	4153	2315	98594	0	0	0	0	0	0	0	0	10000	0	0	0	0	0		0	3300	1	1	1	1	1	1	0,0,0,0
1493	1000023	-1000000	200	10000	300	4153	2315	98594	0	0	0	0	0	0	0	0	10000	0	0	0	0	0		0	3300	1	1	1	1	1	1	0,0,0,0
1494	1000007	-1000000	200	10000	300	8788	2879	96696	0	0	0	0	0	0	0	0	10000	0	0	0	0	0		0	3300	1	1	1	1	1	1	0,0,0,0
1495	1000017	-1000000	200	10000	300	6878	2174	73008	0	0	0	0	0	0	0	0	10000	0	0	0	0	0		0	3300	1	1	1	1	1	1	0,0,0,0
1496	1000005	-1000000	200	10000	300	6878	2174	73008	0	0	0	0	0	0	0	0	10000	0	0	0	0	0		0	3300	1	1	1	1	1	1	0,0,0,0
1497	2000101	-1000000	200	10000	300	7118	1141	17054	0	0	0	0	0	0	0	0	10000	0	0	0	0	0		0	0	1	1	1	1	1	1	0,0,0,0
1498	2000102	-1000000	200	10000	300	7118	1141	17054	0	0	0	0	0	0	0	0	10000	0	0	0	0	0		0	0	1	1	1	1	1	1	0,0,0,0
1499	2000104	-1000000	200	10000	300	7118	1141	17054	0	0	0	0	0	0	0	0	10000	0	0	0	0	0		0	0	1	1	1	1	1	1	0,0,0,0
1500	2000105	-1000000	200	10000	300	7118	1141	17054	0	0	0	0	0	0	0	0	10000	0	0	0	0	0		0	0	1	1	1	1	1	1	0,0,0,0
1501	2000106	-1000000	200	10000	300	7118	1141	17054	0	0	0	0	0	0	0	0	10000	0	0	0	0	0		0	0	1	1	1	1	1	1	0,0,0,0
1502	2000109	-1000000	200	10000	300	7118	1141	17054	0	0	0	0	0	0	0	0	10000	0	0	0	0	0		0	0	1	1	1	1	1	1	0,0,0,0
1503	1000003	-1000000	200	10000	300	6299	3651	160507	0	0	0	0	0	0	0	0	10000	0	0	0	0	0		0	3300	1	1	1	1	1	1	0,0,0,0
1504	1000017	-1000000	200	10000	300	8668	2621	88866	0	0	0	0	0	0	0	0	10000	0	0	0	0	0		0	3300	1	1	1	1	1	1	0,0,0,0
1505	1000001	-1000000	200	10000	300	12253	2915	95364	0	0	0	0	0	0	0	0	10000	0	0	0	0	0		0	3300	1	1	1	1	1	1	0,0,0,0
1506	1000024	-1000000	200	10000	300	12253	2915	95364	0	0	0	0	0	0	0	0	10000	0	0	0	0	0		0	3300	1	1	1	1	1	1	0,0,0,0
1507	1000007	-1000000	200	10000	300	10894	3413	115596	0	0	0	0	0	0	0	0	10000	0	0	0	0	0		0	3300	1	1	1	1	1	1	0,0,0,0
1508	1000023	-1000000	200	10000	300	5111	2779	123903	0	0	0	0	0	0	0	0	10000	0	0	0	0	0		0	3300	1	1	1	1	1	1	0,0,0,0
1509	1000002	-1000000	200	10000	300	8668	2621	88866	0	0	0	0	0	0	0	0	10000	0	0	0	0	0		0	3300	1	1	1	1	1	1	0,0,0,0
1510	1000005	-1000000	200	10000	300	8668	2621	88866	0	0	0	0	0	0	0	0	10000	0	0	0	0	0		0	3300	1	1	1	1	1	1	0,0,0,0
1511	1000008	-1000000	200	10000	300	6299	3651	160507	0	0	0	0	0	0	0	0	10000	0	0	0	0	0		0	3300	1	1	1	1	1	1	0,0,0,0
1512	1000016	-1000000	200	10000	300	6299	3651	160507	0	0	0	0	0	0	0	0	10000	0	0	0	0	0		0	3300	1	1	1	1	1	1	0,0,0,0
1513	1000001	-1000000	200	10000	300	6299	3651	160507	0	0	0	0	0	0	0	0	10000	0	0	0	0	0		0	3300	1	1	1	1	1	1	0,0,0,0
1514	2000101	-1000000	200	10000	300	10671	1293	19200	0	0	0	0	0	0	0	0	10000	0	0	0	0	0		0	0	1	1	1	1	1	1	0,0,0,0
1515	2000102	-1000000	200	10000	300	10671	1293	19200	0	0	0	0	0	0	0	0	10000	0	0	0	0	0		0	0	1	1	1	1	1	1	0,0,0,0
1516	2000104	-1000000	200	10000	300	10671	1293	19200	0	0	0	0	0	0	0	0	10000	0	0	0	0	0		0	0	1	1	1	1	1	1	0,0,0,0
1517	2000105	-1000000	200	10000	300	10671	1293	19200	0	0	0	0	0	0	0	0	10000	0	0	0	0	0		0	0	1	1	1	1	1	1	0,0,0,0
1518	2000106	-1000000	200	10000	300	10671	1293	19200	0	0	0	0	0	0	0	0	10000	0	0	0	0	0		0	0	1	1	1	1	1	1	0,0,0,0
1519	2000109	-1000000	200	10000	300	10671	1293	19200	0	0	0	0	0	0	0	0	10000	0	0	0	0	0		0	0	1	1	1	1	1	1	0,0,0,0
1520	1000001	-1000000	200	10000	300	8610	4112	211120	0	0	0	0	0	0	0	0	10000	0	0	0	0	0		0	3300	1	1	1	1	1	1	0,0,0,0
1521	1000001	-1000000	200	10000	300	7012	3140	163371	0	0	0	0	0	0	0	0	10000	0	0	0	0	0		0	3300	1	1	1	1	1	1	0,0,0,0
1522	1000027	-1000000	200	10000	300	18161	3294	107244	0	0	0	0	0	0	0	0	10000	0	0	0	0	0		0	3300	1	1	1	1	1	1	0,0,0,0
1523	1000024	-1000000	200	10000	300	18161	3294	107244	0	0	0	0	0	0	0	0	10000	0	0	0	0	0		0	3300	1	1	1	1	1	1	0,0,0,0
1524	1000008	-1000000	200	10000	300	8610	4112	211120	0	0	0	0	0	0	0	0	10000	0	0	0	0	0		0	3300	1	1	1	1	1	1	0,0,0,0
1525	1000001	-1000000	200	10000	300	18161	3294	107244	0	0	0	0	0	0	0	0	10000	0	0	0	0	0		0	3300	1	1	1	1	1	1	0,0,0,0
1526	1000004	-1000000	200	10000	300	7012	3140	163371	0	0	0	0	0	0	0	0	10000	0	0	0	0	0		0	3300	1	1	1	1	1	1	0,0,0,0
1527	1000022	-1000000	200	10000	300	14284	2586	82284	0	0	0	0	0	0	0	0	10000	0	0	0	0	0		0	3300	1	1	1	1	1	1	0,0,0,0
1528	1000002	-1000000	200	10000	300	11580	2963	99900	0	0	0	0	0	0	0	0	10000	0	0	0	0	0		0	3300	1	1	1	1	1	1	0,0,0,0
1529	1000023	-1000000	200	10000	300	7012	3140	163371	0	0	0	0	0	0	0	0	10000	0	0	0	0	0		0	3300	1	1	1	1	1	1	0,0,0,0
1530	1000028	-1000000	200	10000	300	14284	2586	82284	0	0	0	0	0	0	0	0	10000	0	0	0	0	0		0	3300	1	1	1	1	1	1	0,0,0,0
1531	1000001	-1000000	200	10000	300	18161	3294	107244	0	0	0	0	0	0	0	0	10000	0	0	0	0	0		0	3300	1	1	1	1	1	1	0,0,0,0
1532	1000011	-1000000	200	10000	300	29877	5415	182124	0	0	0	0	0	0	0	0	10000	0	0	0	0	0		0	3300	1	1	1	1	1	1	0,0,0,0
1533	2000101	-1000000	200	10000	300	13127	1456	28238	0	0	0	0	0	0	0	0	10000	0	0	0	0	0		0	0	1	1	1	1	1	1	0,0,0,0
1534	2000102	-1000000	200	10000	300	13127	1456	28238	0	0	0	0	0	0	0	0	10000	0	0	0	0	0		0	0	1	1	1	1	1	1	0,0,0,0
1535	2000104	-1000000	200	10000	300	13127	1456	28238	0	0	0	0	0	0	0	0	10000	0	0	0	0	0		0	0	1	1	1	1	1	1	0,0,0,0
1536	2000105	-1000000	200	10000	300	13127	1456	28238	0	0	0	0	0	0	0	0	10000	0	0	0	0	0		0	0	1	1	1	1	1	1	0,0,0,0
1537	2000106	-1000000	200	10000	300	13127	1456	28238	0	0	0	0	0	0	0	0	10000	0	0	0	0	0		0	0	1	1	1	1	1	1	0,0,0,0
1538	2000109	-1000000	200	10000	300	13127	1456	28238	0	0	0	0	0	0	0	0	10000	0	0	0	0	0		0	0	1	1	1	1	1	1	0,0,0,0
1539	1000001	-1000000	200	10000	300	11660	4963	277676	0	0	0	0	0	0	0	0	10000	0	0	0	0	0		0	3300	1	1	1	1	1	1	0,0,0,0
1540	1000004	-1000000	200	10000	300	9424	3764	212999	0	0	0	0	0	0	0	0	10000	0	0	0	0	0		0	3300	1	1	1	1	1	1	0,0,0,0
1541	1000007	-1000000	200	10000	300	19068	4636	176378	0	0	0	0	0	0	0	0	10000	0	0	0	0	0		0	3300	1	1	1	1	1	1	0,0,0,0
1542	1000025	-1000000	200	10000	300	15136	3546	134440	0	0	0	0	0	0	0	0	10000	0	0	0	0	0		0	3300	1	1	1	1	1	1	0,0,0,0
1543	1000017	-1000000	200	10000	300	15136	3546	134440	0	0	0	0	0	0	0	0	10000	0	0	0	0	0		0	3300	1	1	1	1	1	1	0,0,0,0
1544	1000005	-1000000	200	10000	300	15136	3546	134440	0	0	0	0	0	0	0	0	10000	0	0	0	0	0		0	3300	1	1	1	1	1	1	0,0,0,0
1545	1000009	-1000000	200	10000	300	19068	4636	176378	0	0	0	0	0	0	0	0	10000	0	0	0	0	0		0	3300	1	1	1	1	1	1	0,0,0,0
1546	1000016	-1000000	200	10000	300	11660	4963	277676	0	0	0	0	0	0	0	0	10000	0	0	0	0	0		0	3300	1	1	1	1	1	1	0,0,0,0
1547	1000021	-1000000	200	10000	300	9424	3764	212999	0	0	0	0	0	0	0	0	10000	0	0	0	0	0		0	3300	1	1	1	1	1	1	0,0,0,0
1548	1000008	-1000000	200	10000	300	11660	4963	277676	0	0	0	0	0	0	0	0	10000	0	0	0	0	0		0	3300	1	1	1	1	1	1	0,0,0,0
1549	2000101	-1000000	200	10000	300	14851	1630	31425	0	0	0	0	0	0	0	0	10000	0	0	0	0	0		0	0	1	1	1	1	1	1	0,0,0,0
1550	2000102	-1000000	200	10000	300	14851	1630	31425	0	0	0	0	0	0	0	0	10000	0	0	0	0	0		0	0	1	1	1	1	1	1	0,0,0,0
1551	2000104	-1000000	200	10000	300	14851	1630	31425	0	0	0	0	0	0	0	0	10000	0	0	0	0	0		0	0	1	1	1	1	1	1	0,0,0,0
1552	2000105	-1000000	200	10000	300	14851	1630	31425	0	0	0	0	0	0	0	0	10000	0	0	0	0	0		0	0	1	1	1	1	1	1	0,0,0,0
1553	2000106	-1000000	200	10000	300	14851	1630	31425	0	0	0	0	0	0	0	0	10000	0	0	0	0	0		0	0	1	1	1	1	1	1	0,0,0,0
1554	2000109	-1000000	200	10000	300	14851	1630	31425	0	0	0	0	0	0	0	0	10000	0	0	0	0	0		0	0	1	1	1	1	1	1	0,0,0,0
1555	1000002	-1000000	200	10000	300	17020	3945	148878	0	0	0	0	0	0	0	0	10000	0	0	0	0	0		0	3300	1	1	1	1	1	1	0,0,0,0
1556	1000026	-1000000	200	10000	300	21361	5142	195048	0	0	0	0	0	0	0	0	10000	0	0	0	0	0		0	3300	1	1	1	1	1	1	0,0,0,0
1557	1000008	-1000000	200	10000	300	13048	5501	308192	0	0	0	0	0	0	0	0	10000	0	0	0	0	0		0	3300	1	1	1	1	1	1	0,0,0,0
1558	1000016	-1000000	200	10000	300	13048	5501	308192	0	0	0	0	0	0	0	0	10000	0	0	0	0	0		0	3300	1	1	1	1	1	1	0,0,0,0
1559	1000009	-1000000	200	10000	300	21361	5142	195048	0	0	0	0	0	0	0	0	10000	0	0	0	0	0		0	3300	1	1	1	1	1	1	0,0,0,0
1560	1000024	-1000000	200	10000	300	26560	4401	165041	0	0	0	0	0	0	0	0	10000	0	0	0	0	0		0	3300	1	1	1	1	1	1	0,0,0,0
1561	1000021	-1000000	200	10000	300	10585	4184	236791	0	0	0	0	0	0	0	0	10000	0	0	0	0	0		0	3300	1	1	1	1	1	1	0,0,0,0
1562	1000028	-1000000	200	10000	300	20811	3443	125711	0	0	0	0	0	0	0	0	10000	0	0	0	0	0		0	3300	1	1	1	1	1	1	0,0,0,0
1563	1000023	-1000000	200	10000	300	10585	4184	236791	0	0	0	0	0	0	0	0	10000	0	0	0	0	0		0	3300	1	1	1	1	1	1	0,0,0,0
1564	1000022	-1000000	200	10000	300	20811	3443	125711	0	0	0	0	0	0	0	0	10000	0	0	0	0	0		0	3300	1	1	1	1	1	1	0,0,0,0
1565	1000017	-1000000	200	10000	300	17020	3945	148878	0	0	0	0	0	0	0	0	10000	0	0	0	0	0		0	3300	1	1	1	1	1	1	0,0,0,0
1566	1000007	-1000000	200	10000	300	21361	5142	195048	0	0	0	0	0	0	0	0	10000	0	0	0	0	0		0	3300	1	1	1	1	1	1	0,0,0,0
1567	1000005	-1000000	200	10000	300	17020	3945	148878	0	0	0	0	0	0	0	0	10000	0	0	0	0	0		0	3300	1	1	1	1	1	1	0,0,0,0
1568	2000101	-1000000	200	10000	300	17237	1977	38377	0	0	0	0	0	0	0	0	10000	0	0	0	0	0		0	0	1	1	1	1	1	1	0,0,0,0
1569	2000102	-1000000	200	10000	300	17237	1977	38377	0	0	0	0	0	0	0	0	10000	0	0	0	0	0		0	0	1	1	1	1	1	1	0,0,0,0
1570	2000104	-1000000	200	10000	300	17237	1977	38377	0	0	0	0	0	0	0	0	10000	0	0	0	0	0		0	0	1	1	1	1	1	1	0,0,0,0
1571	2000105	-1000000	200	10000	300	17237	1977	38377	0	0	0	0	0	0	0	0	10000	0	0	0	0	0		0	0	1	1	1	1	1	1	0,0,0,0
1572	2000106	-1000000	200	10000	300	17237	1977	38377	0	0	0	0	0	0	0	0	10000	0	0	0	0	0		0	0	1	1	1	1	1	1	0,0,0,0
1573	2000109	-1000000	200	10000	300	17237	1977	38377	0	0	0	0	0	0	0	0	10000	0	0	0	0	0		0	0	1	1	1	1	1	1	0,0,0,0
1574	1000003	-1000000	200	10000	300	14936	6214	350367	0	0	0	0	0	0	0	0	10000	0	0	0	0	0		0	3300	1	1	1	1	1	1	0,0,0,0
1575	1000017	-1000000	200	10000	300	19609	4512	170870	0	0	0	0	0	0	0	0	10000	0	0	0	0	0		0	3300	1	1	1	1	1	1	0,0,0,0
1576	1000009	-1000000	200	10000	300	24385	5821	221474	0	0	0	0	0	0	0	0	10000	0	0	0	0	0		0	3300	1	1	1	1	1	1	0,0,0,0
1577	1000027	-1000000	200	10000	300	30219	5002	187021	0	0	0	0	0	0	0	0	10000	0	0	0	0	0		0	3300	1	1	1	1	1	1	0,0,0,0
1578	1000026	-1000000	200	10000	300	24385	5821	221474	0	0	0	0	0	0	0	0	10000	0	0	0	0	0		0	3300	1	1	1	1	1	1	0,0,0,0
1579	1000016	-1000000	200	10000	300	14936	6214	350367	0	0	0	0	0	0	0	0	10000	0	0	0	0	0		0	3300	1	1	1	1	1	1	0,0,0,0
1580	1000024	-1000000	200	10000	300	30219	5002	187021	0	0	0	0	0	0	0	0	10000	0	0	0	0	0		0	3300	1	1	1	1	1	1	0,0,0,0
1581	1000005	-1000000	200	10000	300	19609	4512	170870	0	0	0	0	0	0	0	0	10000	0	0	0	0	0		0	3300	1	1	1	1	1	1	0,0,0,0
1582	1000008	-1000000	200	10000	300	14936	6214	350367	0	0	0	0	0	0	0	0	10000	0	0	0	0	0		0	3300	1	1	1	1	1	1	0,0,0,0
1583	1000001	-1000000	200	10000	300	14936	6214	350367	0	0	0	0	0	0	0	0	10000	0	0	0	0	0		0	3300	1	1	1	1	1	1	0,0,0,0
1584	2000101	-1000000	200	10000	300	19198	2178	42048	0	0	0	0	0	0	0	0	10000	0	0	0	0	0		0	0	1	1	1	1	1	1	0,0,0,0
1585	2000102	-1000000	200	10000	300	19198	2178	42048	0	0	0	0	0	0	0	0	10000	0	0	0	0	0		0	0	1	1	1	1	1	1	0,0,0,0
1586	2000104	-1000000	200	10000	300	19198	2178	42048	0	0	0	0	0	0	0	0	10000	0	0	0	0	0		0	0	1	1	1	1	1	1	0,0,0,0
1587	2000105	-1000000	200	10000	300	19198	2178	42048	0	0	0	0	0	0	0	0	10000	0	0	0	0	0		0	0	1	1	1	1	1	1	0,0,0,0
1588	2000106	-1000000	200	10000	300	19198	2178	42048	0	0	0	0	0	0	0	0	10000	0	0	0	0	0		0	0	1	1	1	1	1	1	0,0,0,0
1589	2000109	-1000000	200	10000	300	19198	2178	42048	0	0	0	0	0	0	0	0	10000	0	0	0	0	0		0	0	1	1	1	1	1	1	0,0,0,0
1590	1000002	-1000000	200	10000	300	22672	5209	197073	0	0	0	0	0	0	0	0	10000	0	0	0	0	0		0	3300	1	1	1	1	1	1	0,0,0,0
1591	1000001	-1000000	200	10000	300	14092	5519	313655	0	0	0	0	0	0	0	0	10000	0	0	0	0	0		0	3300	1	1	1	1	1	1	0,0,0,0
1592	1000027	-1000000	200	10000	300	35224	5795	217571	0	0	0	0	0	0	0	0	10000	0	0	0	0	0		0	3300	1	1	1	1	1	1	0,0,0,0
1593	1000024	-1000000	200	10000	300	35224	5795	217571	0	0	0	0	0	0	0	0	10000	0	0	0	0	0		0	3300	1	1	1	1	1	1	0,0,0,0
1594	1000026	-1000000	200	10000	300	28370	6759	257337	0	0	0	0	0	0	0	0	10000	0	0	0	0	0		0	3300	1	1	1	1	1	1	0,0,0,0
1595	1000001	-1000000	200	10000	300	35224	5795	217571	0	0	0	0	0	0	0	0	10000	0	0	0	0	0		0	3300	1	1	1	1	1	1	0,0,0,0
1596	1000009	-1000000	200	10000	300	28370	6759	257337	0	0	0	0	0	0	0	0	10000	0	0	0	0	0		0	3300	1	1	1	1	1	1	0,0,0,0
1597	1000023	-1000000	200	10000	300	14092	5519	313655	0	0	0	0	0	0	0	0	10000	0	0	0	0	0		0	3300	1	1	1	1	1	1	0,0,0,0
1598	1000028	-1000000	200	10000	300	27683	4555	166235	0	0	0	0	0	0	0	0	10000	0	0	0	0	0		0	3300	1	1	1	1	1	1	0,0,0,0
1599	1000011	-1000000	200	10000	300	57998	9515	371579	0	0	0	0	0	0	0	0	10000	0	0	0	0	0		0	3300	1	1	1	1	1	1	0,0,0,0
1600	2000101	-1000000	200	10000	300	21275	2390	51640	0	0	0	0	0	0	0	0	10000	0	0	0	0	0		0	0	1	1	1	1	1	1	0,0,0,0
1601	2000102	-1000000	200	10000	300	21275	2390	51640	0	0	0	0	0	0	0	0	10000	0	0	0	0	0		0	0	1	1	1	1	1	1	0,0,0,0
1602	2000104	-1000000	200	10000	300	21275	2390	51640	0	0	0	0	0	0	0	0	10000	0	0	0	0	0		0	0	1	1	1	1	1	1	0,0,0,0
1603	2000105	-1000000	200	10000	300	21275	2390	51640	0	0	0	0	0	0	0	0	10000	0	0	0	0	0		0	0	1	1	1	1	1	1	0,0,0,0
1604	2000106	-1000000	200	10000	300	21275	2390	51640	0	0	0	0	0	0	0	0	10000	0	0	0	0	0		0	0	1	1	1	1	1	1	0,0,0,0
1605	2000109	-1000000	200	10000	300	21275	2390	51640	0	0	0	0	0	0	0	0	10000	0	0	0	0	0		0	0	1	1	1	1	1	1	0,0,0,0
1606	1000024	-1000000	200	10000	300	38630	6327	236667	0	0	0	0	0	0	0	0	10000	0	0	0	0	0		0	3300	1	1	1	1	1	1	0,0,0,0
1607	1000020	-1000000	200	10000	300	15509	6026	342190	0	0	0	0	0	0	0	0	10000	0	0	0	0	0		0	3300	1	1	1	1	1	1	0,0,0,0
1608	1000027	-1000000	200	10000	300	38630	6327	236667	0	0	0	0	0	0	0	0	10000	0	0	0	0	0		0	3300	1	1	1	1	1	1	0,0,0,0
1609	1000004	-1000000	200	10000	300	15509	6026	342190	0	0	0	0	0	0	0	0	10000	0	0	0	0	0		0	3300	1	1	1	1	1	1	0,0,0,0
1610	1000007	-1000000	200	10000	300	31167	7368	279754	0	0	0	0	0	0	0	0	10000	0	0	0	0	0		0	3300	1	1	1	1	1	1	0,0,0,0
1611	1000025	-1000000	200	10000	300	24974	5691	214448	0	0	0	0	0	0	0	0	10000	0	0	0	0	0		0	3300	1	1	1	1	1	1	0,0,0,0
1612	1000016	-1000000	200	10000	300	18992	7871	444007	0	0	0	0	0	0	0	0	10000	0	0	0	0	0		0	3300	1	1	1	1	1	1	0,0,0,0
1613	1000001	-1000000	200	10000	300	38630	6327	236667	0	0	0	0	0	0	0	0	10000	0	0	0	0	0		0	3300	1	1	1	1	1	1	0,0,0,0
1614	1000003	-1000000	200	10000	300	18992	7871	444007	0	0	0	0	0	0	0	0	10000	0	0	0	0	0		0	3300	1	1	1	1	1	1	0,0,0,0
1615	2000101	-1000000	200	10000	300	23451	2612	56184	0	0	0	0	0	0	0	0	10000	0	0	0	0	0		0	0	1	1	1	1	1	1	0,0,0,0
1616	2000102	-1000000	200	10000	300	23451	2612	56184	0	0	0	0	0	0	0	0	10000	0	0	0	0	0		0	0	1	1	1	1	1	1	0,0,0,0
1617	2000104	-1000000	200	10000	300	23451	2612	56184	0	0	0	0	0	0	0	0	10000	0	0	0	0	0		0	0	1	1	1	1	1	1	0,0,0,0
1618	2000105	-1000000	200	10000	300	23451	2612	56184	0	0	0	0	0	0	0	0	10000	0	0	0	0	0		0	0	1	1	1	1	1	1	0,0,0,0
1619	2000106	-1000000	200	10000	300	23451	2612	56184	0	0	0	0	0	0	0	0	10000	0	0	0	0	0		0	0	1	1	1	1	1	1	0,0,0,0
1620	2000109	-1000000	200	10000	300	23451	2612	56184	0	0	0	0	0	0	0	0	10000	0	0	0	0	0		0	0	1	1	1	1	1	1	0,0,0,0
1621	1000023	-1000000	200	10000	300	17001	6558	371603	0	0	0	0	0	0	0	0	10000	0	0	0	0	0		0	3300	1	1	1	1	1	1	0,0,0,0
1622	1000028	-1000000	200	10000	300	33316	5438	196526	0	0	0	0	0	0	0	0	10000	0	0	0	0	0		0	3300	1	1	1	1	1	1	0,0,0,0
1623	1000001	-1000000	200	10000	300	42189	6886	256625	0	0	0	0	0	0	0	0	10000	0	0	0	0	0		0	3300	1	1	1	1	1	1	0,0,0,0
1624	1000025	-1000000	200	10000	300	27381	6196	232632	0	0	0	0	0	0	0	0	10000	0	0	0	0	0		0	3300	1	1	1	1	1	1	0,0,0,0
1625	1000007	-1000000	200	10000	300	34091	8005	303183	0	0	0	0	0	0	0	0	10000	0	0	0	0	0		0	3300	1	1	1	1	1	1	0,0,0,0
1626	1000026	-1000000	200	10000	300	34091	8005	303183	0	0	0	0	0	0	0	0	10000	0	0	0	0	0		0	3300	1	1	1	1	1	1	0,0,0,0
1627	1000020	-1000000	200	10000	300	17001	6558	371603	0	0	0	0	0	0	0	0	10000	0	0	0	0	0		0	3300	1	1	1	1	1	1	0,0,0,0
1628	1000024	-1000000	200	10000	300	42189	6886	256625	0	0	0	0	0	0	0	0	10000	0	0	0	0	0		0	3300	1	1	1	1	1	1	0,0,0,0
1629	1000027	-1000000	200	10000	300	42189	6886	256625	0	0	0	0	0	0	0	0	10000	0	0	0	0	0		0	3300	1	1	1	1	1	1	0,0,0,0
1630	1000001	-1000000	200	10000	300	42189	6886	256625	0	0	0	0	0	0	0	0	10000	0	0	0	0	0		0	3300	1	1	1	1	1	1	0,0,0,0
1631	1000009	-1000000	200	10000	300	34091	8005	303183	0	0	0	0	0	0	0	0	10000	0	0	0	0	0		0	3300	1	1	1	1	1	1	0,0,0,0
1632	1000005	-1000000	200	10000	300	27381	6196	232632	0	0	0	0	0	0	0	0	10000	0	0	0	0	0		0	3300	1	1	1	1	1	1	0,0,0,0
1633	2000101	-1000000	200	10000	300	26265	3030	72755	0	0	0	0	0	0	0	0	10000	0	0	0	0	0		0	0	1	1	1	1	1	1	0,0,0,0
1634	2000102	-1000000	200	10000	300	26265	3030	72755	0	0	0	0	0	0	0	0	10000	0	0	0	0	0		0	0	1	1	1	1	1	1	0,0,0,0
1635	2000104	-1000000	200	10000	300	26265	3030	72755	0	0	0	0	0	0	0	0	10000	0	0	0	0	0		0	0	1	1	1	1	1	1	0,0,0,0
1636	2000105	-1000000	200	10000	300	26265	3030	72755	0	0	0	0	0	0	0	0	10000	0	0	0	0	0		0	0	1	1	1	1	1	1	0,0,0,0
1637	2000106	-1000000	200	10000	300	26265	3030	72755	0	0	0	0	0	0	0	0	10000	0	0	0	0	0		0	0	1	1	1	1	1	1	0,0,0,0
1638	2000109	-1000000	200	10000	300	26265	3030	72755	0	0	0	0	0	0	0	0	10000	0	0	0	0	0		0	0	1	1	1	1	1	1	0,0,0,0
1639	1000021	-1000000	200	10000	300	19611	7578	428418	0	0	0	0	0	0	0	0	10000	0	0	0	0	0		0	3300	1	1	1	1	1	1	0,0,0,0
1640	1000002	-1000000	200	10000	300	31511	7161	270034	0	0	0	0	0	0	0	0	10000	0	0	0	0	0		0	3300	1	1	1	1	1	1	0,0,0,0
1641	1000001	-1000000	200	10000	300	19611	7578	428418	0	0	0	0	0	0	0	0	10000	0	0	0	0	0		0	3300	1	1	1	1	1	1	0,0,0,0
1642	1000001	-1000000	200	10000	300	48669	7950	297390	0	0	0	0	0	0	0	0	10000	0	0	0	0	0		0	3300	1	1	1	1	1	1	0,0,0,0
1643	1000022	-1000000	200	10000	300	26265	3030	72755	0	0	0	0	0	0	0	0	10000	0	0	0	0	0		0	3300	1	1	1	1	1	1	0,0,0,0
1644	1000026	-1000000	200	10000	300	39293	9246	351662	0	0	0	0	0	0	0	0	10000	0	0	0	0	0		0	3300	1	1	1	1	1	1	0,0,0,0
1645	1000019	-1000000	200	10000	300	62795	15501	596545	0	0	0	0	0	0	0	0	10000	0	0	0	0	0		0	3300	1	1	1	1	1	1	0,0,0,0
1646	1000023	-1000000	200	10000	300	19611	7578	428418	0	0	0	0	0	0	0	0	10000	0	0	0	0	0		0	3300	1	1	1	1	1	1	0,0,0,0
1647	1000005	-1000000	200	10000	300	31511	7161	270034	0	0	0	0	0	0	0	0	10000	0	0	0	0	0		0	3300	1	1	1	1	1	1	0,0,0,0
1648	1000008	-1000000	200	10000	300	23964	9872	556338	0	0	0	0	0	0	0	0	10000	0	0	0	0	0		0	3300	1	1	1	1	1	1	0,0,0,0
1649	1000007	-1000000	200	10000	300	39293	9246	351662	0	0	0	0	0	0	0	0	10000	0	0	0	0	0		0	3300	1	1	1	1	1	1	0,0,0,0
1650	2000101	-1000000	200	10000	300	28618	3279	78407	0	0	0	0	0	0	0	0	10000	0	0	0	0	0		0	0	1	1	1	1	1	1	0,0,0,0
1651	2000102	-1000000	200	10000	300	28618	3279	78407	0	0	0	0	0	0	0	0	10000	0	0	0	0	0		0	0	1	1	1	1	1	1	0,0,0,0
1652	2000104	-1000000	200	10000	300	28618	3279	78407	0	0	0	0	0	0	0	0	10000	0	0	0	0	0		0	0	1	1	1	1	1	1	0,0,0,0
1653	2000105	-1000000	200	10000	300	28618	3279	78407	0	0	0	0	0	0	0	0	10000	0	0	0	0	0		0	0	1	1	1	1	1	1	0,0,0,0
1654	2000106	-1000000	200	10000	300	28618	3279	78407	0	0	0	0	0	0	0	0	10000	0	0	0	0	0		0	0	1	1	1	1	1	1	0,0,0,0
1655	2000109	-1000000	200	10000	300	28618	3279	78407	0	0	0	0	0	0	0	0	10000	0	0	0	0	0		0	0	1	1	1	1	1	1	0,0,0,0
1656	1000025	-1000000	200	10000	300	34146	7726	290345	0	0	0	0	0	0	0	0	10000	0	0	0	0	0		0	3300	1	1	1	1	1	1	0,0,0,0
1657	1000026	-1000000	200	10000	300	42509	9958	377825	0	0	0	0	0	0	0	0	10000	0	0	0	0	0		0	3300	1	1	1	1	1	1	0,0,0,0
1658	1000021	-1000000	200	10000	300	21283	8173	459536	0	0	0	0	0	0	0	0	10000	0	0	0	0	0		0	3300	1	1	1	1	1	1	0,0,0,0
1659	1000001	-1000000	200	10000	300	52589	8574	319677	0	0	0	0	0	0	0	0	10000	0	0	0	0	0		0	3300	1	1	1	1	1	1	0,0,0,0
1660	1000002	-1000000	200	10000	300	34146	7726	290345	0	0	0	0	0	0	0	0	10000	0	0	0	0	0		0	3300	1	1	1	1	1	1	0,0,0,0
1661	1000027	-1000000	200	10000	300	52589	8574	319677	0	0	0	0	0	0	0	0	10000	0	0	0	0	0		0	3300	1	1	1	1	1	1	0,0,0,0
1662	2000101	-1000000	200	10000	300	31089	3539	84289	0	0	0	0	0	0	0	0	10000	0	0	0	0	0		0	0	1	1	1	1	1	1	0,0,0,0
1663	2000102	-1000000	200	10000	300	31089	3539	84289	0	0	0	0	0	0	0	0	10000	0	0	0	0	0		0	0	1	1	1	1	1	1	0,0,0,0
1664	2000104	-1000000	200	10000	300	31089	3539	84289	0	0	0	0	0	0	0	0	10000	0	0	0	0	0		0	0	1	1	1	1	1	1	0,0,0,0
1665	2000105	-1000000	200	10000	300	31089	3539	84289	0	0	0	0	0	0	0	0	10000	0	0	0	0	0		0	0	1	1	1	1	1	1	0,0,0,0
1666	2000106	-1000000	200	10000	300	31089	3539	84289	0	0	0	0	0	0	0	0	10000	0	0	0	0	0		0	0	1	1	1	1	1	1	0,0,0,0
1667	2000109	-1000000	200	10000	300	31089	3539	84289	0	0	0	0	0	0	0	0	10000	0	0	0	0	0		0	0	1	1	1	1	1	1	0,0,0,0
1668	1000024	-1000000	200	10000	300	56686	9224	342827	0	0	0	0	0	0	0	0	10000	0	0	0	0	0		0	3300	1	1	1	1	1	1	0,0,0,0
1669	1000022	-1000000	200	10000	300	44837	7316	263149	0	0	0	0	0	0	0	0	10000	0	0	0	0	0		0	3300	1	1	1	1	1	1	0,0,0,0
1670	1000019	-1000000	200	10000	300	72949	17851	685604	0	0	0	0	0	0	0	0	10000	0	0	0	0	0		0	3300	1	1	1	1	1	1	0,0,0,0
1671	1000002	-1000000	200	10000	300	36907	8315	311465	0	0	0	0	0	0	0	0	10000	0	0	0	0	0		0	3300	1	1	1	1	1	1	0,0,0,0
1672	1000005	-1000000	200	10000	300	36907	8315	311465	0	0	0	0	0	0	0	0	10000	0	0	0	0	0		0	3300	1	1	1	1	1	1	0,0,0,0
1673	1000017	-1000000	200	10000	300	36907	8315	311465	0	0	0	0	0	0	0	0	10000	0	0	0	0	0		0	3300	1	1	1	1	1	1	0,0,0,0
1674	1000009	-1000000	200	10000	300	45874	10699	405000	0	0	0	0	0	0	0	0	10000	0	0	0	0	0		0	3300	1	1	1	1	1	1	0,0,0,0
1675	1000020	-1000000	200	10000	300	23030	8792	492003	0	0	0	0	0	0	0	0	10000	0	0	0	0	0		0	3300	1	1	1	1	1	1	0,0,0,0
1676	1000023	-1000000	200	10000	300	23030	8792	492003	0	0	0	0	0	0	0	0	10000	0	0	0	0	0		0	3300	1	1	1	1	1	1	0,0,0,0
1677	2000101	-1000000	200	10000	300	33679	3810	90402	0	0	0	0	0	0	0	0	10000	0	0	0	0	0		0	0	1	1	1	1	1	1	0,0,0,0
1678	2000102	-1000000	200	10000	300	33679	3810	90402	0	0	0	0	0	0	0	0	10000	0	0	0	0	0		0	0	1	1	1	1	1	1	0,0,0,0
1679	2000104	-1000000	200	10000	300	33679	3810	90402	0	0	0	0	0	0	0	0	10000	0	0	0	0	0		0	0	1	1	1	1	1	1	0,0,0,0
1680	2000105	-1000000	200	10000	300	33679	3810	90402	0	0	0	0	0	0	0	0	10000	0	0	0	0	0		0	0	1	1	1	1	1	1	0,0,0,0
1681	2000106	-1000000	200	10000	300	33679	3810	90402	0	0	0	0	0	0	0	0	10000	0	0	0	0	0		0	0	1	1	1	1	1	1	0,0,0,0
1682	2000109	-1000000	200	10000	300	33679	3810	90402	0	0	0	0	0	0	0	0	10000	0	0	0	0	0		0	0	1	1	1	1	1	1	0,0,0,0
1683	1000001	-1000000	200	10000	300	63296	10268	382778	0	0	0	0	0	0	0	0	10000	0	0	0	0	0		0	3300	1	1	1	1	1	1	0,0,0,0
1684	1000021	-1000000	200	10000	300	25519	9774	545080	0	0	0	0	0	0	0	0	10000	0	0	0	0	0		0	3300	1	1	1	1	1	1	0,0,0,0
1685	1000024	-1000000	200	10000	300	63296	10268	382778	0	0	0	0	0	0	0	0	10000	0	0	0	0	0		0	3300	1	1	1	1	1	1	0,0,0,0
1686	1000027	-1000000	200	10000	300	63296	10268	382778	0	0	0	0	0	0	0	0	10000	0	0	0	0	0		0	3300	1	1	1	1	1	1	0,0,0,0
1687	1000023	-1000000	200	10000	300	25519	9774	545080	0	0	0	0	0	0	0	0	10000	0	0	0	0	0		0	3300	1	1	1	1	1	1	0,0,0,0
1688	1000028	-1000000	200	10000	300	49838	8112	292457	0	0	0	0	0	0	0	0	10000	0	0	0	0	0		0	3300	1	1	1	1	1	1	0,0,0,0
1689	1000020	-1000000	200	10000	300	25519	9774	545080	0	0	0	0	0	0	0	0	10000	0	0	0	0	0		0	3300	1	1	1	1	1	1	0,0,0,0
1690	1000016	-1000000	200	10000	300	31173	12739	712452	0	0	0	0	0	0	0	0	10000	0	0	0	0	0		0	3300	1	1	1	1	1	1	0,0,0,0
1691	1000017	-1000000	200	10000	300	40963	9235	345870	0	0	0	0	0	0	0	0	10000	0	0	0	0	0		0	3300	1	1	1	1	1	1	0,0,0,0
1692	1000005	-1000000	200	10000	300	40963	9235	345870	0	0	0	0	0	0	0	0	10000	0	0	0	0	0		0	3300	1	1	1	1	1	1	0,0,0,0
1693	1000001	-1000000	200	10000	300	31173	12739	712452	0	0	0	0	0	0	0	0	10000	0	0	0	0	0		0	3300	1	1	1	1	1	1	0,0,0,0
