天赋ID	天赋ID	天赋名称	天赋描述	天赋ICON	需要战队等级	前置天赋ID	后置天赋ID	影响玩法类型	天赋等级	所在天赋树ID	天赋类型	天赋范围	天赋范围条件	属性编号	属性值	金币消耗	天赋点消耗
Id	TalentId	TalentNameId	TalentExplainId	TalentIcon	NeedCorpsLv	BeforeTalent	AfterId	PlayType	TalentLv	TalentTreeId	TalentType	TalentRange	TalentRangeCondition	QualityId	QualityNumber	GoldUse	TalentPointUse
int	int	string	string	string	int	int	int	string	int	int	string	string	string	string	string	int	int
400101	400010	TalentNameId_400010	TalentExplainId_400010	TalentIcon_400010	0	0	400102	1	1	1	1	5,6	0,0	3,1	80,10	5000	2
400102	400010	TalentNameId_400010	TalentExplainId_400010	TalentIcon_400010	0	400101	400103	1	2	1	1	5,6	0,0	3,1	160,20	10000	2
400103	400010	TalentNameId_400010	TalentExplainId_400010	TalentIcon_400010	0	400102	400104	1	3	1	1	5,6	0,0	3,1	240,30	20000	2
400104	400010	TalentNameId_400010	TalentExplainId_400010	TalentIcon_400010	0	400103	400105	1	4	1	1	5,6	0,0	3,1	320,40	30000	3
400105	400010	TalentNameId_400010	TalentExplainId_400010	TalentIcon_400010	0	400104	400106	1	5	1	1	5,6	0,0	3,1	400,50	30000	3
400106	400010	TalentNameId_400010	TalentExplainId_400010	TalentIcon_400010	0	400105	400107	1	6	1	1	5,6	0,0	3,1	480,60	40000	4
400107	400010	TalentNameId_400010	TalentExplainId_400010	TalentIcon_400010	0	400106	400108	1	7	1	1	5,6	0,0	3,1	560,70	40000	4
400108	400010	TalentNameId_400010	TalentExplainId_400010	TalentIcon_400010	0	400107	400109	1	8	1	1	5,6	0,0	3,1	640,80	60000	5
400109	400010	TalentNameId_400010	TalentExplainId_400010	TalentIcon_400010	0	400108	400110	1	9	1	1	5,6	0,0	3,1	720,90	80000	5
400110	400010	TalentNameId_400010	TalentExplainId_400010	TalentIcon_400010	0	400109	0	1	10	1	1	5,6	0,0	3,1	800,100	100000	6
400201	400020	TalentNameId_400020	TalentExplainId_400020	TalentIcon_400020	25	400107	400202	1	1	1	1	5	0	3	80	5000	2
400202	400020	TalentNameId_400020	TalentExplainId_400020	TalentIcon_400020	25	400201	400203	1	2	1	1	5	0	3	160	10000	2
400203	400020	TalentNameId_400020	TalentExplainId_400020	TalentIcon_400020	25	400202	400204	1	3	1	1	5	0	3	240	20000	2
400204	400020	TalentNameId_400020	TalentExplainId_400020	TalentIcon_400020	25	400203	400205	1	4	1	1	5	0	3	320	30000	3
400205	400020	TalentNameId_400020	TalentExplainId_400020	TalentIcon_400020	25	400204	400206	1	5	1	1	5	0	3	400	30000	3
400206	400020	TalentNameId_400020	TalentExplainId_400020	TalentIcon_400020	25	400205	400207	1	6	1	1	5	0	3	480	40000	4
400207	400020	TalentNameId_400020	TalentExplainId_400020	TalentIcon_400020	25	400206	400208	1	7	1	1	5	0	3	560	40000	4
400208	400020	TalentNameId_400020	TalentExplainId_400020	TalentIcon_400020	25	400207	400209	1	8	1	1	5	0	3	640	60000	5
400209	400020	TalentNameId_400020	TalentExplainId_400020	TalentIcon_400020	25	400208	400210	1	9	1	1	5	0	3	720	80000	5
400210	400020	TalentNameId_400020	TalentExplainId_400020	TalentIcon_400020	25	400209	0	1	10	1	1	5	0	3	800	100000	6
400301	400030	TalentNameId_400030	TalentExplainId_400030	TalentIcon_400030	33	400207	400302	1	1	1	1	5	0	25	200	5000	2
400302	400030	TalentNameId_400030	TalentExplainId_400030	TalentIcon_400030	33	400301	400303	1	2	1	1	5	0	25	400	10000	2
400303	400030	TalentNameId_400030	TalentExplainId_400030	TalentIcon_400030	33	400302	400304	1	3	1	1	5	0	25	600	20000	2
400304	400030	TalentNameId_400030	TalentExplainId_400030	TalentIcon_400030	33	400303	400305	1	4	1	1	5	0	25	800	30000	3
400305	400030	TalentNameId_400030	TalentExplainId_400030	TalentIcon_400030	33	400304	400306	1	5	1	1	5	0	25	1000	30000	3
400306	400030	TalentNameId_400030	TalentExplainId_400030	TalentIcon_400030	33	400305	400307	1	6	1	1	5	0	25	1200	40000	4
400307	400030	TalentNameId_400030	TalentExplainId_400030	TalentIcon_400030	33	400306	400308	1	7	1	1	5	0	25	1400	40000	4
400308	400030	TalentNameId_400030	TalentExplainId_400030	TalentIcon_400030	33	400307	400309	1	8	1	1	5	0	25	1600	60000	5
400309	400030	TalentNameId_400030	TalentExplainId_400030	TalentIcon_400030	33	400308	400310	1	9	1	1	5	0	25	1800	80000	5
400310	400030	TalentNameId_400030	TalentExplainId_400030	TalentIcon_400030	33	400309	0	1	10	1	1	5	0	25	2000	100000	6
400401	400040	TalentNameId_400040	TalentExplainId_400040	TalentIcon_400040	40	400307	400402	1	1	1	1	5	0	12	100	5000	2
400402	400040	TalentNameId_400040	TalentExplainId_400040	TalentIcon_400040	40	400401	400403	1	2	1	1	5	0	12	200	10000	2
400403	400040	TalentNameId_400040	TalentExplainId_400040	TalentIcon_400040	40	400402	400404	1	3	1	1	5	0	12	300	20000	2
400404	400040	TalentNameId_400040	TalentExplainId_400040	TalentIcon_400040	40	400403	400405	1	4	1	1	5	0	12	400	30000	3
400405	400040	TalentNameId_400040	TalentExplainId_400040	TalentIcon_400040	40	400404	400406	1	5	1	1	5	0	12	500	30000	3
400406	400040	TalentNameId_400040	TalentExplainId_400040	TalentIcon_400040	40	400405	400407	1	6	1	1	5	0	12	600	40000	4
400407	400040	TalentNameId_400040	TalentExplainId_400040	TalentIcon_400040	40	400406	400408	1	7	1	1	5	0	12	700	40000	4
400408	400040	TalentNameId_400040	TalentExplainId_400040	TalentIcon_400040	40	400407	400409	1	8	1	1	5	0	12	800	60000	5
400409	400040	TalentNameId_400040	TalentExplainId_400040	TalentIcon_400040	40	400408	400410	1	9	1	1	5	0	12	900	80000	5
400410	400040	TalentNameId_400040	TalentExplainId_400040	TalentIcon_400040	40	400409	0	1	10	1	1	5	0	12	1000	100000	6
400501	400050	TalentNameId_400050	TalentExplainId_400050	TalentIcon_400050	25	400107	400502	1	1	1	1	6	0	1	20	5000	2
400502	400050	TalentNameId_400050	TalentExplainId_400050	TalentIcon_400050	25	400501	400503	1	2	1	1	6	0	1	40	10000	2
400503	400050	TalentNameId_400050	TalentExplainId_400050	TalentIcon_400050	25	400502	400504	1	3	1	1	6	0	1	60	20000	2
400504	400050	TalentNameId_400050	TalentExplainId_400050	TalentIcon_400050	25	400503	400505	1	4	1	1	6	0	1	80	30000	3
400505	400050	TalentNameId_400050	TalentExplainId_400050	TalentIcon_400050	25	400504	400506	1	5	1	1	6	0	1	100	30000	3
400506	400050	TalentNameId_400050	TalentExplainId_400050	TalentIcon_400050	25	400505	400507	1	6	1	1	6	0	1	120	40000	4
400507	400050	TalentNameId_400050	TalentExplainId_400050	TalentIcon_400050	25	400506	400508	1	7	1	1	6	0	1	140	40000	4
400508	400050	TalentNameId_400050	TalentExplainId_400050	TalentIcon_400050	25	400507	400509	1	8	1	1	6	0	1	160	60000	5
400509	400050	TalentNameId_400050	TalentExplainId_400050	TalentIcon_400050	25	400508	400510	1	9	1	1	6	0	1	180	80000	5
400510	400050	TalentNameId_400050	TalentExplainId_400050	TalentIcon_400050	25	400509	0	1	10	1	1	6	0	1	200	100000	6
400601	400060	TalentNameId_400060	TalentExplainId_400060	TalentIcon_400060	33	400507	400602	1	1	1	1	6	0	23	200	5000	2
400602	400060	TalentNameId_400060	TalentExplainId_400060	TalentIcon_400060	33	400601	400603	1	2	1	1	6	0	23	400	10000	2
400603	400060	TalentNameId_400060	TalentExplainId_400060	TalentIcon_400060	33	400602	400604	1	3	1	1	6	0	23	600	20000	2
400604	400060	TalentNameId_400060	TalentExplainId_400060	TalentIcon_400060	33	400603	400605	1	4	1	1	6	0	23	800	30000	3
400605	400060	TalentNameId_400060	TalentExplainId_400060	TalentIcon_400060	33	400604	400606	1	5	1	1	6	0	23	1000	30000	3
400606	400060	TalentNameId_400060	TalentExplainId_400060	TalentIcon_400060	33	400605	400607	1	6	1	1	6	0	23	1200	40000	4
400607	400060	TalentNameId_400060	TalentExplainId_400060	TalentIcon_400060	33	400606	400608	1	7	1	1	6	0	23	1400	40000	4
400608	400060	TalentNameId_400060	TalentExplainId_400060	TalentIcon_400060	33	400607	400609	1	8	1	1	6	0	23	1600	60000	5
400609	400060	TalentNameId_400060	TalentExplainId_400060	TalentIcon_400060	33	400608	400610	1	9	1	1	6	0	23	1800	80000	5
400610	400060	TalentNameId_400060	TalentExplainId_400060	TalentIcon_400060	33	400609	0	1	10	1	1	6	0	23	2000	100000	6
400701	400070	TalentNameId_400070	TalentExplainId_400070	TalentIcon_400070	40	400607	400702	1	1	1	1	6	0	11	100	5000	2
400702	400070	TalentNameId_400070	TalentExplainId_400070	TalentIcon_400070	40	400701	400703	1	2	1	1	6	0	11	200	10000	2
400703	400070	TalentNameId_400070	TalentExplainId_400070	TalentIcon_400070	40	400702	400704	1	3	1	1	6	0	11	300	20000	2
400704	400070	TalentNameId_400070	TalentExplainId_400070	TalentIcon_400070	40	400703	400705	1	4	1	1	6	0	11	400	30000	3
400705	400070	TalentNameId_400070	TalentExplainId_400070	TalentIcon_400070	40	400704	400706	1	5	1	1	6	0	11	500	30000	3
400706	400070	TalentNameId_400070	TalentExplainId_400070	TalentIcon_400070	40	400705	400707	1	6	1	1	6	0	11	600	40000	4
400707	400070	TalentNameId_400070	TalentExplainId_400070	TalentIcon_400070	40	400706	400708	1	7	1	1	6	0	11	700	40000	4
400708	400070	TalentNameId_400070	TalentExplainId_400070	TalentIcon_400070	40	400707	400709	1	8	1	1	6	0	11	800	60000	5
400709	400070	TalentNameId_400070	TalentExplainId_400070	TalentIcon_400070	40	400708	400710	1	9	1	1	6	0	11	900	80000	5
400710	400070	TalentNameId_400070	TalentExplainId_400070	TalentIcon_400070	40	400709	0	1	10	1	1	6	0	11	1000	100000	6
400801	400080	TalentNameId_400080	TalentExplainId_400080	TalentIcon_400080	0	0	400802	1	1	2	1	2,2	0,0	3,1	80,10	20000	2
400802	400080	TalentNameId_400080	TalentExplainId_400080	TalentIcon_400080	0	400801	400803	1	2	2	1	2,2	0,0	3,1	160,20	20000	2
400803	400080	TalentNameId_400080	TalentExplainId_400080	TalentIcon_400080	0	400802	400804	1	3	2	1	2,2	0,0	3,1	240,30	3000	2
400804	400080	TalentNameId_400080	TalentExplainId_400080	TalentIcon_400080	0	400803	400805	1	4	2	1	2,2	0,0	3,1	320,40	40000	3
400805	400080	TalentNameId_400080	TalentExplainId_400080	TalentIcon_400080	0	400804	400806	1	5	2	1	2,2	0,0	3,1	400,50	50000	3
400806	400080	TalentNameId_400080	TalentExplainId_400080	TalentIcon_400080	0	400805	400807	1	6	2	1	2,2	0,0	3,1	480,60	60000	4
400807	400080	TalentNameId_400080	TalentExplainId_400080	TalentIcon_400080	0	400806	400808	1	7	2	1	2,2	0,0	3,1	560,70	80000	4
400808	400080	TalentNameId_400080	TalentExplainId_400080	TalentIcon_400080	0	400807	400809	1	8	2	1	2,2	0,0	3,1	640,80	100000	5
400809	400080	TalentNameId_400080	TalentExplainId_400080	TalentIcon_400080	0	400808	400810	1	9	2	1	2,2	0,0	3,1	720,90	120000	5
400810	400080	TalentNameId_400080	TalentExplainId_400080	TalentIcon_400080	0	400809	0	1	10	2	1	2,2	0,0	3,1	800,100	150000	6
400901	400090	TalentNameId_400090	TalentExplainId_400090	TalentIcon_400090	50	400807	400902	1	1	2	1	2	8	1	25	20000	2
400902	400090	TalentNameId_400090	TalentExplainId_400090	TalentIcon_400090	50	400901	400903	1	2	2	1	2	8	1	50	20000	2
400903	400090	TalentNameId_400090	TalentExplainId_400090	TalentIcon_400090	50	400902	400904	1	3	2	1	2	8	1	75	3000	2
400904	400090	TalentNameId_400090	TalentExplainId_400090	TalentIcon_400090	50	400903	400905	1	4	2	1	2	8	1	100	40000	3
400905	400090	TalentNameId_400090	TalentExplainId_400090	TalentIcon_400090	50	400904	400906	1	5	2	1	2	8	1	125	50000	3
400906	400090	TalentNameId_400090	TalentExplainId_400090	TalentIcon_400090	50	400905	400907	1	6	2	1	2	8	1	150	60000	4
400907	400090	TalentNameId_400090	TalentExplainId_400090	TalentIcon_400090	50	400906	400908	1	7	2	1	2	8	1	175	80000	4
400908	400090	TalentNameId_400090	TalentExplainId_400090	TalentIcon_400090	50	400907	400909	1	8	2	1	2	8	1	200	100000	5
400909	400090	TalentNameId_400090	TalentExplainId_400090	TalentIcon_400090	50	400908	400910	1	9	2	1	2	8	1	225	120000	5
400910	400090	TalentNameId_400090	TalentExplainId_400090	TalentIcon_400090	50	400909	0	1	10	2	1	2	8	1	250	150000	6
401001	400100	TalentNameId_400100	TalentExplainId_400100	TalentIcon_400100	55	400907	401002	1	1	2	1	2	8	33	100	20000	2
401002	400100	TalentNameId_400100	TalentExplainId_400100	TalentIcon_400100	55	401001	401003	1	2	2	1	2	8	33	200	20000	2
401003	400100	TalentNameId_400100	TalentExplainId_400100	TalentIcon_400100	55	401002	401004	1	3	2	1	2	8	33	300	3000	2
401004	400100	TalentNameId_400100	TalentExplainId_400100	TalentIcon_400100	55	401003	401005	1	4	2	1	2	8	33	400	40000	3
401005	400100	TalentNameId_400100	TalentExplainId_400100	TalentIcon_400100	55	401004	401006	1	5	2	1	2	8	33	500	50000	3
401006	400100	TalentNameId_400100	TalentExplainId_400100	TalentIcon_400100	55	401005	401007	1	6	2	1	2	8	33	600	60000	4
401007	400100	TalentNameId_400100	TalentExplainId_400100	TalentIcon_400100	55	401006	401008	1	7	2	1	2	8	33	700	80000	4
401008	400100	TalentNameId_400100	TalentExplainId_400100	TalentIcon_400100	55	401007	401009	1	8	2	1	2	8	33	800	100000	5
401009	400100	TalentNameId_400100	TalentExplainId_400100	TalentIcon_400100	55	401008	401010	1	9	2	1	2	8	33	900	120000	5
401010	400100	TalentNameId_400100	TalentExplainId_400100	TalentIcon_400100	55	401009	0	1	10	2	1	2	8	33	1000	150000	6
401101	400110	TalentNameId_400110	TalentExplainId_400110	TalentIcon_400110	60	401007	401102	1	1	2	1	2	8	41	100	20000	2
401102	400110	TalentNameId_400110	TalentExplainId_400110	TalentIcon_400110	60	401101	401103	1	2	2	1	2	8	41	200	20000	2
401103	400110	TalentNameId_400110	TalentExplainId_400110	TalentIcon_400110	60	401102	401104	1	3	2	1	2	8	41	300	3000	2
401104	400110	TalentNameId_400110	TalentExplainId_400110	TalentIcon_400110	60	401103	401105	1	4	2	1	2	8	41	400	40000	3
401105	400110	TalentNameId_400110	TalentExplainId_400110	TalentIcon_400110	60	401104	401106	1	5	2	1	2	8	41	500	50000	3
401106	400110	TalentNameId_400110	TalentExplainId_400110	TalentIcon_400110	60	401105	401107	1	6	2	1	2	8	41	600	60000	4
401107	400110	TalentNameId_400110	TalentExplainId_400110	TalentIcon_400110	60	401106	401108	1	7	2	1	2	8	41	700	80000	4
401108	400110	TalentNameId_400110	TalentExplainId_400110	TalentIcon_400110	60	401107	401109	1	8	2	1	2	8	41	800	100000	5
401109	400110	TalentNameId_400110	TalentExplainId_400110	TalentIcon_400110	60	401108	401110	1	9	2	1	2	8	41	900	120000	5
401110	400110	TalentNameId_400110	TalentExplainId_400110	TalentIcon_400110	60	401109	0	1	10	2	1	2	8	41	1000	150000	6
401201	400120	TalentNameId_400120	TalentExplainId_400120	TalentIcon_400120	50	400807	401202	1	1	2	1	2,2	10,10	3,1	100,15	20000	2
401202	400120	TalentNameId_400120	TalentExplainId_400120	TalentIcon_400120	50	401201	401203	1	2	2	1	2,2	10,10	3,1	200,30	20000	2
401203	400120	TalentNameId_400120	TalentExplainId_400120	TalentIcon_400120	50	401202	401204	1	3	2	1	2,2	10,10	3,1	300,45	3000	2
401204	400120	TalentNameId_400120	TalentExplainId_400120	TalentIcon_400120	50	401203	401205	1	4	2	1	2,2	10,10	3,1	400,60	40000	3
401205	400120	TalentNameId_400120	TalentExplainId_400120	TalentIcon_400120	50	401204	401206	1	5	2	1	2,2	10,10	3,1	500,75	50000	3
401206	400120	TalentNameId_400120	TalentExplainId_400120	TalentIcon_400120	50	401205	401207	1	6	2	1	2,2	10,10	3,1	600,90	60000	4
401207	400120	TalentNameId_400120	TalentExplainId_400120	TalentIcon_400120	50	401206	401208	1	7	2	1	2,2	10,10	3,1	700,105	80000	4
401208	400120	TalentNameId_400120	TalentExplainId_400120	TalentIcon_400120	50	401207	401209	1	8	2	1	2,2	10,10	3,1	800,120	100000	5
401209	400120	TalentNameId_400120	TalentExplainId_400120	TalentIcon_400120	50	401208	401210	1	9	2	1	2,2	10,10	3,1	900,135	120000	5
401210	400120	TalentNameId_400120	TalentExplainId_400120	TalentIcon_400120	50	401209	0	1	10	2	1	2,2	10,10	3,1	1000,150	150000	6
401301	400130	TalentNameId_400130	TalentExplainId_400130	TalentIcon_400130	55	401207	401302	1	1	2	1	2	10	35	100	20000	2
401302	400130	TalentNameId_400130	TalentExplainId_400130	TalentIcon_400130	55	401301	401303	1	2	2	1	2	10	35	200	20000	2
401303	400130	TalentNameId_400130	TalentExplainId_400130	TalentIcon_400130	55	401302	401304	1	3	2	1	2	10	35	300	3000	2
401304	400130	TalentNameId_400130	TalentExplainId_400130	TalentIcon_400130	55	401303	401305	1	4	2	1	2	10	35	400	40000	3
401305	400130	TalentNameId_400130	TalentExplainId_400130	TalentIcon_400130	55	401304	401306	1	5	2	1	2	10	35	500	50000	3
401306	400130	TalentNameId_400130	TalentExplainId_400130	TalentIcon_400130	55	401305	401307	1	6	2	1	2	10	35	600	60000	4
401307	400130	TalentNameId_400130	TalentExplainId_400130	TalentIcon_400130	55	401306	401308	1	7	2	1	2	10	35	700	80000	4
401308	400130	TalentNameId_400130	TalentExplainId_400130	TalentIcon_400130	55	401307	401309	1	8	2	1	2	10	35	800	100000	5
401309	400130	TalentNameId_400130	TalentExplainId_400130	TalentIcon_400130	55	401308	401310	1	9	2	1	2	10	35	900	120000	5
401310	400130	TalentNameId_400130	TalentExplainId_400130	TalentIcon_400130	55	401309	0	1	10	2	1	2	10	35	1000	150000	6
401401	400140	TalentNameId_400140	TalentExplainId_400140	TalentIcon_400140	60	401307	401402	1	1	2	1	2	10	40	100	20000	2
401402	400140	TalentNameId_400140	TalentExplainId_400140	TalentIcon_400140	60	401401	401403	1	2	2	1	2	10	40	200	20000	2
401403	400140	TalentNameId_400140	TalentExplainId_400140	TalentIcon_400140	60	401402	401404	1	3	2	1	2	10	40	300	3000	2
401404	400140	TalentNameId_400140	TalentExplainId_400140	TalentIcon_400140	60	401403	401405	1	4	2	1	2	10	40	400	40000	3
401405	400140	TalentNameId_400140	TalentExplainId_400140	TalentIcon_400140	60	401404	401406	1	5	2	1	2	10	40	500	50000	3
401406	400140	TalentNameId_400140	TalentExplainId_400140	TalentIcon_400140	60	401405	401407	1	6	2	1	2	10	40	600	60000	4
401407	400140	TalentNameId_400140	TalentExplainId_400140	TalentIcon_400140	60	401406	401408	1	7	2	1	2	10	40	700	80000	4
401408	400140	TalentNameId_400140	TalentExplainId_400140	TalentIcon_400140	60	401407	401409	1	8	2	1	2	10	40	800	100000	5
401409	400140	TalentNameId_400140	TalentExplainId_400140	TalentIcon_400140	60	401408	401410	1	9	2	1	2	10	40	900	120000	5
401410	400140	TalentNameId_400140	TalentExplainId_400140	TalentIcon_400140	60	401409	0	1	10	2	1	2	10	40	1000	150000	6
401501	400150	TalentNameId_400150	TalentExplainId_400150	TalentIcon_400150	50	400807	401502	1	1	2	1	2	9	3	200	20000	2
401502	400150	TalentNameId_400150	TalentExplainId_400150	TalentIcon_400150	50	401501	401503	1	2	2	1	2	9	3	400	20000	2
401503	400150	TalentNameId_400150	TalentExplainId_400150	TalentIcon_400150	50	401502	401504	1	3	2	1	2	9	3	600	3000	2
401504	400150	TalentNameId_400150	TalentExplainId_400150	TalentIcon_400150	50	401503	401505	1	4	2	1	2	9	3	800	40000	3
401505	400150	TalentNameId_400150	TalentExplainId_400150	TalentIcon_400150	50	401504	401506	1	5	2	1	2	9	3	1000	50000	3
401506	400150	TalentNameId_400150	TalentExplainId_400150	TalentIcon_400150	50	401505	401507	1	6	2	1	2	9	3	1200	60000	4
401507	400150	TalentNameId_400150	TalentExplainId_400150	TalentIcon_400150	50	401506	401508	1	7	2	1	2	9	3	1400	80000	4
401508	400150	TalentNameId_400150	TalentExplainId_400150	TalentIcon_400150	50	401507	401509	1	8	2	1	2	9	3	1600	100000	5
401509	400150	TalentNameId_400150	TalentExplainId_400150	TalentIcon_400150	50	401508	401510	1	9	2	1	2	9	3	1800	120000	5
401510	400150	TalentNameId_400150	TalentExplainId_400150	TalentIcon_400150	50	401509	0	1	10	2	1	2	9	3	2000	150000	6
401601	400160	TalentNameId_400160	TalentExplainId_400160	TalentIcon_400160	55	401507	401602	1	1	2	1	2	9	37	100	20000	2
401602	400160	TalentNameId_400160	TalentExplainId_400160	TalentIcon_400160	55	401601	401603	1	2	2	1	2	9	37	200	20000	2
401603	400160	TalentNameId_400160	TalentExplainId_400160	TalentIcon_400160	55	401602	401604	1	3	2	1	2	9	37	300	3000	2
401604	400160	TalentNameId_400160	TalentExplainId_400160	TalentIcon_400160	55	401603	401605	1	4	2	1	2	9	37	400	40000	3
401605	400160	TalentNameId_400160	TalentExplainId_400160	TalentIcon_400160	55	401604	401606	1	5	2	1	2	9	37	500	50000	3
401606	400160	TalentNameId_400160	TalentExplainId_400160	TalentIcon_400160	55	401605	401607	1	6	2	1	2	9	37	600	60000	4
401607	400160	TalentNameId_400160	TalentExplainId_400160	TalentIcon_400160	55	401606	401608	1	7	2	1	2	9	37	700	80000	4
401608	400160	TalentNameId_400160	TalentExplainId_400160	TalentIcon_400160	55	401607	401609	1	8	2	1	2	9	37	800	100000	5
401609	400160	TalentNameId_400160	TalentExplainId_400160	TalentIcon_400160	55	401608	401610	1	9	2	1	2	9	37	900	120000	5
401610	400160	TalentNameId_400160	TalentExplainId_400160	TalentIcon_400160	55	401609	0	1	10	2	1	2	9	37	1000	150000	6
401701	400170	TalentNameId_400170	TalentExplainId_400170	TalentIcon_400170	60	401607	401702	1	1	2	1	2	9	39	100	20000	2
401702	400170	TalentNameId_400170	TalentExplainId_400170	TalentIcon_400170	60	401701	401703	1	2	2	1	2	9	39	200	20000	2
401703	400170	TalentNameId_400170	TalentExplainId_400170	TalentIcon_400170	60	401702	401704	1	3	2	1	2	9	39	300	3000	2
401704	400170	TalentNameId_400170	TalentExplainId_400170	TalentIcon_400170	60	401703	401705	1	4	2	1	2	9	39	400	40000	3
401705	400170	TalentNameId_400170	TalentExplainId_400170	TalentIcon_400170	60	401704	401706	1	5	2	1	2	9	39	500	50000	3
401706	400170	TalentNameId_400170	TalentExplainId_400170	TalentIcon_400170	60	401705	401707	1	6	2	1	2	9	39	600	60000	4
401707	400170	TalentNameId_400170	TalentExplainId_400170	TalentIcon_400170	60	401706	401708	1	7	2	1	2	9	39	700	80000	4
401708	400170	TalentNameId_400170	TalentExplainId_400170	TalentIcon_400170	60	401707	401709	1	8	2	1	2	9	39	800	100000	5
401709	400170	TalentNameId_400170	TalentExplainId_400170	TalentIcon_400170	60	401708	401710	1	9	2	1	2	9	39	900	120000	5
401710	400170	TalentNameId_400170	TalentExplainId_400170	TalentIcon_400170	60	401709	0	1	10	2	1	2	9	39	1000	150000	6
401801	400180	TalentNameId_400180	TalentExplainId_400180	TalentIcon_400180	0	0	401802	1	1	3	1	2,2	0,0	3,1	160,20	30000	3
401802	400180	TalentNameId_400180	TalentExplainId_400180	TalentIcon_400180	0	401801	401803	1	2	3	1	2,2	0,0	3,1	320,40	60000	3
401803	400180	TalentNameId_400180	TalentExplainId_400180	TalentIcon_400180	0	401802	401804	1	3	3	1	2,2	0,0	3,1	480,60	100000	3
401804	400180	TalentNameId_400180	TalentExplainId_400180	TalentIcon_400180	0	401803	401805	1	4	3	1	2,2	0,0	3,1	640,80	150000	4
401805	400180	TalentNameId_400180	TalentExplainId_400180	TalentIcon_400180	0	401804	401806	1	5	3	1	2,2	0,0	3,1	800,100	200000	4
401806	400180	TalentNameId_400180	TalentExplainId_400180	TalentIcon_400180	0	401805	401807	1	6	3	1	2,2	0,0	3,1	960,120	250000	5
401807	400180	TalentNameId_400180	TalentExplainId_400180	TalentIcon_400180	0	401806	401808	1	7	3	1	2,2	0,0	3,1	1120,140	300000	5
401808	400180	TalentNameId_400180	TalentExplainId_400180	TalentIcon_400180	0	401807	401809	1	8	3	1	2,2	0,0	3,1	1280,160	350000	6
401809	400180	TalentNameId_400180	TalentExplainId_400180	TalentIcon_400180	0	401808	401810	1	9	3	1	2,2	0,0	3,1	1440,180	400000	6
401810	400180	TalentNameId_400180	TalentExplainId_400180	TalentIcon_400180	0	401809	0	1	10	3	1	2,2	0,0	3,1	1600,200	500000	7
401901	400190	TalentNameId_400190	TalentExplainId_400190	TalentIcon_400190	70	401807	401902	1	1	3	1	2	8	5	100	30000	3
401902	400190	TalentNameId_400190	TalentExplainId_400190	TalentIcon_400190	70	401901	401903	1	2	3	1	2	8	5	200	60000	3
401903	400190	TalentNameId_400190	TalentExplainId_400190	TalentIcon_400190	70	401902	401904	1	3	3	1	2	8	5	300	100000	3
401904	400190	TalentNameId_400190	TalentExplainId_400190	TalentIcon_400190	70	401903	401905	1	4	3	1	2	8	5	400	150000	4
401905	400190	TalentNameId_400190	TalentExplainId_400190	TalentIcon_400190	70	401904	401906	1	5	3	1	2	8	5	500	200000	4
401906	400190	TalentNameId_400190	TalentExplainId_400190	TalentIcon_400190	70	401905	401907	1	6	3	1	2	8	5	600	250000	5
401907	400190	TalentNameId_400190	TalentExplainId_400190	TalentIcon_400190	70	401906	401908	1	7	3	1	2	8	5	700	300000	5
401908	400190	TalentNameId_400190	TalentExplainId_400190	TalentIcon_400190	70	401907	401909	1	8	3	1	2	8	5	800	350000	6
401909	400190	TalentNameId_400190	TalentExplainId_400190	TalentIcon_400190	70	401908	401910	1	9	3	1	2	8	5	900	400000	6
401910	400190	TalentNameId_400190	TalentExplainId_400190	TalentIcon_400190	70	401909	0	1	10	3	1	2	8	5	1000	500000	7
402001	400200	TalentNameId_400200	TalentExplainId_400200	TalentIcon_400200	75	401907	402002	1	1	3	1	2	8	7	300	30000	3
402002	400200	TalentNameId_400200	TalentExplainId_400200	TalentIcon_400200	75	402001	402003	1	2	3	1	2	8	7	600	60000	3
402003	400200	TalentNameId_400200	TalentExplainId_400200	TalentIcon_400200	75	402002	402004	1	3	3	1	2	8	7	900	100000	3
402004	400200	TalentNameId_400200	TalentExplainId_400200	TalentIcon_400200	75	402003	402005	1	4	3	1	2	8	7	1200	150000	4
402005	400200	TalentNameId_400200	TalentExplainId_400200	TalentIcon_400200	75	402004	402006	1	5	3	1	2	8	7	1500	200000	4
402006	400200	TalentNameId_400200	TalentExplainId_400200	TalentIcon_400200	75	402005	402007	1	6	3	1	2	8	7	1800	250000	5
402007	400200	TalentNameId_400200	TalentExplainId_400200	TalentIcon_400200	75	402006	402008	1	7	3	1	2	8	7	2100	300000	5
402008	400200	TalentNameId_400200	TalentExplainId_400200	TalentIcon_400200	75	402007	402009	1	8	3	1	2	8	7	2400	350000	6
402009	400200	TalentNameId_400200	TalentExplainId_400200	TalentIcon_400200	75	402008	402010	1	9	3	1	2	8	7	2700	400000	6
402010	400200	TalentNameId_400200	TalentExplainId_400200	TalentIcon_400200	75	402009	0	1	10	3	1	2	8	7	3000	500000	7
402101	400210	TalentNameId_400210	TalentExplainId_400210	TalentIcon_400210	80	402007	402102	1	1	3	1	2	8	13	100	30000	3
402102	400210	TalentNameId_400210	TalentExplainId_400210	TalentIcon_400210	80	402101	402103	1	2	3	1	2	8	13	200	60000	3
402103	400210	TalentNameId_400210	TalentExplainId_400210	TalentIcon_400210	80	402102	402104	1	3	3	1	2	8	13	300	100000	3
402104	400210	TalentNameId_400210	TalentExplainId_400210	TalentIcon_400210	80	402103	402105	1	4	3	1	2	8	13	400	150000	4
402105	400210	TalentNameId_400210	TalentExplainId_400210	TalentIcon_400210	80	402104	402106	1	5	3	1	2	8	13	500	200000	4
402106	400210	TalentNameId_400210	TalentExplainId_400210	TalentIcon_400210	80	402105	402107	1	6	3	1	2	8	13	600	250000	5
402107	400210	TalentNameId_400210	TalentExplainId_400210	TalentIcon_400210	80	402106	402108	1	7	3	1	2	8	13	700	300000	5
402108	400210	TalentNameId_400210	TalentExplainId_400210	TalentIcon_400210	80	402107	402109	1	8	3	1	2	8	13	800	350000	6
402109	400210	TalentNameId_400210	TalentExplainId_400210	TalentIcon_400210	80	402108	402110	1	9	3	1	2	8	13	900	400000	6
402110	400210	TalentNameId_400210	TalentExplainId_400210	TalentIcon_400210	80	402109	0	1	10	3	1	2	8	13	1000	500000	7
402201	400220	TalentNameId_400220	TalentExplainId_400220	TalentIcon_400220	70	401807	402202	1	1	3	1	2	10	11	30	30000	3
402202	400220	TalentNameId_400220	TalentExplainId_400220	TalentIcon_400220	70	402201	402203	1	2	3	1	2	10	11	60	60000	3
402203	400220	TalentNameId_400220	TalentExplainId_400220	TalentIcon_400220	70	402202	402204	1	3	3	1	2	10	11	90	100000	3
402204	400220	TalentNameId_400220	TalentExplainId_400220	TalentIcon_400220	70	402203	402205	1	4	3	1	2	10	11	120	150000	4
402205	400220	TalentNameId_400220	TalentExplainId_400220	TalentIcon_400220	70	402204	402206	1	5	3	1	2	10	11	150	200000	4
402206	400220	TalentNameId_400220	TalentExplainId_400220	TalentIcon_400220	70	402205	402207	1	6	3	1	2	10	11	180	250000	5
402207	400220	TalentNameId_400220	TalentExplainId_400220	TalentIcon_400220	70	402206	402208	1	7	3	1	2	10	11	210	300000	5
402208	400220	TalentNameId_400220	TalentExplainId_400220	TalentIcon_400220	70	402207	402209	1	8	3	1	2	10	11	240	350000	6
402209	400220	TalentNameId_400220	TalentExplainId_400220	TalentIcon_400220	70	402208	402210	1	9	3	1	2	10	11	270	400000	6
402210	400220	TalentNameId_400220	TalentExplainId_400220	TalentIcon_400220	70	402209	0	1	10	3	1	2	10	11	300	500000	7
402301	400230	TalentNameId_400230	TalentExplainId_400230	TalentIcon_400230	75	402207	402302	1	1	3	1	2	10	12	30	30000	3
402302	400230	TalentNameId_400230	TalentExplainId_400230	TalentIcon_400230	75	402301	402303	1	2	3	1	2	10	12	60	60000	3
402303	400230	TalentNameId_400230	TalentExplainId_400230	TalentIcon_400230	75	402302	402304	1	3	3	1	2	10	12	90	100000	3
402304	400230	TalentNameId_400230	TalentExplainId_400230	TalentIcon_400230	75	402303	402305	1	4	3	1	2	10	12	120	150000	4
402305	400230	TalentNameId_400230	TalentExplainId_400230	TalentIcon_400230	75	402304	402306	1	5	3	1	2	10	12	150	200000	4
402306	400230	TalentNameId_400230	TalentExplainId_400230	TalentIcon_400230	75	402305	402307	1	6	3	1	2	10	12	180	250000	5
402307	400230	TalentNameId_400230	TalentExplainId_400230	TalentIcon_400230	75	402306	402308	1	7	3	1	2	10	12	210	300000	5
402308	400230	TalentNameId_400230	TalentExplainId_400230	TalentIcon_400230	75	402307	402309	1	8	3	1	2	10	12	240	350000	6
402309	400230	TalentNameId_400230	TalentExplainId_400230	TalentIcon_400230	75	402308	402310	1	9	3	1	2	10	12	270	400000	6
402310	400230	TalentNameId_400230	TalentExplainId_400230	TalentIcon_400230	75	402309	0	1	10	3	1	2	10	12	300	500000	7
402401	400240	TalentNameId_400240	TalentExplainId_400240	TalentIcon_400240	80	402307	402402	1	1	3	1	2	10	31	200	30000	3
402402	400240	TalentNameId_400240	TalentExplainId_400240	TalentIcon_400240	80	402401	402403	1	2	3	1	2	10	31	400	60000	3
402403	400240	TalentNameId_400240	TalentExplainId_400240	TalentIcon_400240	80	402402	402404	1	3	3	1	2	10	31	600	100000	3
402404	400240	TalentNameId_400240	TalentExplainId_400240	TalentIcon_400240	80	402403	402405	1	4	3	1	2	10	31	800	150000	4
402405	400240	TalentNameId_400240	TalentExplainId_400240	TalentIcon_400240	80	402404	402406	1	5	3	1	2	10	31	1000	200000	4
402406	400240	TalentNameId_400240	TalentExplainId_400240	TalentIcon_400240	80	402405	402407	1	6	3	1	2	10	31	1200	250000	5
402407	400240	TalentNameId_400240	TalentExplainId_400240	TalentIcon_400240	80	402406	402408	1	7	3	1	2	10	31	1400	300000	5
402408	400240	TalentNameId_400240	TalentExplainId_400240	TalentIcon_400240	80	402407	402409	1	8	3	1	2	10	31	1600	350000	6
402409	400240	TalentNameId_400240	TalentExplainId_400240	TalentIcon_400240	80	402408	402410	1	9	3	1	2	10	31	1800	400000	6
402410	400240	TalentNameId_400240	TalentExplainId_400240	TalentIcon_400240	80	402409	0	1	10	3	1	2	10	31	2000	500000	7
402501	400250	TalentNameId_400250	TalentExplainId_400250	TalentIcon_400250	70	401807	402502	1	1	3	1	2	9	8	120	30000	3
402502	400250	TalentNameId_400250	TalentExplainId_400250	TalentIcon_400250	70	402501	402503	1	2	3	1	2	9	8	240	60000	3
402503	400250	TalentNameId_400250	TalentExplainId_400250	TalentIcon_400250	70	402502	402504	1	3	3	1	2	9	8	360	100000	3
402504	400250	TalentNameId_400250	TalentExplainId_400250	TalentIcon_400250	70	402503	402505	1	4	3	1	2	9	8	480	150000	4
402505	400250	TalentNameId_400250	TalentExplainId_400250	TalentIcon_400250	70	402504	402506	1	5	3	1	2	9	8	600	200000	4
402506	400250	TalentNameId_400250	TalentExplainId_400250	TalentIcon_400250	70	402505	402507	1	6	3	1	2	9	8	720	250000	5
402507	400250	TalentNameId_400250	TalentExplainId_400250	TalentIcon_400250	70	402506	402508	1	7	3	1	2	9	8	840	300000	5
402508	400250	TalentNameId_400250	TalentExplainId_400250	TalentIcon_400250	70	402507	402509	1	8	3	1	2	9	8	960	350000	6
402509	400250	TalentNameId_400250	TalentExplainId_400250	TalentIcon_400250	70	402508	402510	1	9	3	1	2	9	8	1080	400000	6
402510	400250	TalentNameId_400250	TalentExplainId_400250	TalentIcon_400250	70	402509	0	1	10	3	1	2	9	8	1200	500000	7
402601	400260	TalentNameId_400260	TalentExplainId_400260	TalentIcon_400260	75	402507	402602	1	1	3	1	2	9	12	35	30000	3
402602	400260	TalentNameId_400260	TalentExplainId_400260	TalentIcon_400260	75	402601	402603	1	2	3	1	2	9	12	70	60000	3
402603	400260	TalentNameId_400260	TalentExplainId_400260	TalentIcon_400260	75	402602	402604	1	3	3	1	2	9	12	105	100000	3
402604	400260	TalentNameId_400260	TalentExplainId_400260	TalentIcon_400260	75	402603	402605	1	4	3	1	2	9	12	140	150000	4
402605	400260	TalentNameId_400260	TalentExplainId_400260	TalentIcon_400260	75	402604	402606	1	5	3	1	2	9	12	175	200000	4
402606	400260	TalentNameId_400260	TalentExplainId_400260	TalentIcon_400260	75	402605	402607	1	6	3	1	2	9	12	210	250000	5
402607	400260	TalentNameId_400260	TalentExplainId_400260	TalentIcon_400260	75	402606	402608	1	7	3	1	2	9	12	245	300000	5
402608	400260	TalentNameId_400260	TalentExplainId_400260	TalentIcon_400260	75	402607	402609	1	8	3	1	2	9	12	280	350000	6
402609	400260	TalentNameId_400260	TalentExplainId_400260	TalentIcon_400260	75	402608	402610	1	9	3	1	2	9	12	315	400000	6
402610	400260	TalentNameId_400260	TalentExplainId_400260	TalentIcon_400260	75	402609	0	1	10	3	1	2	9	12	350	500000	7
402701	400270	TalentNameId_400270	TalentExplainId_400270	TalentIcon_400270	80	402607	402702	1	1	3	1	2	9	14	120	30000	3
402702	400270	TalentNameId_400270	TalentExplainId_400270	TalentIcon_400270	80	402701	402703	1	2	3	1	2	9	14	240	60000	3
402703	400270	TalentNameId_400270	TalentExplainId_400270	TalentIcon_400270	80	402702	402704	1	3	3	1	2	9	14	360	100000	3
402704	400270	TalentNameId_400270	TalentExplainId_400270	TalentIcon_400270	80	402703	402705	1	4	3	1	2	9	14	480	150000	4
402705	400270	TalentNameId_400270	TalentExplainId_400270	TalentIcon_400270	80	402704	402706	1	5	3	1	2	9	14	600	200000	4
402706	400270	TalentNameId_400270	TalentExplainId_400270	TalentIcon_400270	80	402705	402707	1	6	3	1	2	9	14	720	250000	5
402707	400270	TalentNameId_400270	TalentExplainId_400270	TalentIcon_400270	80	402706	402708	1	7	3	1	2	9	14	840	300000	5
402708	400270	TalentNameId_400270	TalentExplainId_400270	TalentIcon_400270	80	402707	402709	1	8	3	1	2	9	14	960	350000	6
402709	400270	TalentNameId_400270	TalentExplainId_400270	TalentIcon_400270	80	402708	402710	1	9	3	1	2	9	14	1080	400000	6
402710	400270	TalentNameId_400270	TalentExplainId_400270	TalentIcon_400270	80	402709	0	1	10	3	1	2	9	14	1200	500000	7
