关卡ID	关卡名称	关卡描述	关卡目标对话	关卡目标类型	关卡目标	关卡类型	所在地图ID	关卡需求等级	首次通关后是否再挑战	每天挑战次数	关卡战斗背景	关卡正常背景	前置关卡	首次掉落	活动掉落	关卡掉落	关卡宝箱	扫荡额外掉落	关卡开启时间	体力消耗	通关角色经验	通关卡片经验	通关金钱	保底金钱	保底经验	推荐战斗力	最大回合	关卡回合	1回合前排怪1	1回合前排怪2	1回合前排怪3	1回合后排1	1回合后排2	1回合后排3	2回合前排怪1	2回合前排怪2	2回合前排怪3	2回合后排1	2回合后排2	2回合后排3	3回合前排怪1	3回合前排怪2	3回合前排怪3	3回合后排1	3回合后排2	3回合后排3	掉落显示	怪物显示	关卡图标位置
Id	StageNameId	StageExplainId	StageTargetTalk	StageTargetType	StageTargetNumber	StageType	MapId	StageLv	IsFirst	DailyNumber	StageWarBG	StageNormalBG	BeforeStage	FirstDrop	ActivityDrop	StageDrop	StageChest	SweepDrop	StageStart	SpiritUse	StageRoleExp	StageCardExp	StageGold	LowestGold	LowestExp	RecFight	MaxRound	StageRound	Rd1Before1	Rd1Before2	Rd1Before3	Rd1After1	Rd1After2	Rd1After3	Rd2Before1	Rd2Before2	Rd2Before3	Rd2After1	Rd2After2	Rd2After3	Rd3Before1	Rd3Before2	Rd3Before3	Rd3After1	Rd3After2	Rd3After3	DropShow	MonsterBoss	StageIconPos
int	string	string	string	string	string	int	int	int	int	int	string	string	string	string	string	string	string	string	string	int	int	int	int	int	int	int	int	int	int	int	int	int	int	int	int	int	int	int	int	int	int	int	int	int	int	int	string	string	string
10101	Stage_StageNameId_10101	Stage_StageExplainId_10101	Stage_StageTargetTalk_2000	1,4	10,0	2	101	1	0	0	battle01	stage_xqnm03	0	0	0	40000,50101,50100	0	60100	0	6	6	25	600	0	0	300	20	2	0	1000	0	1000	0	1000	0	1006	0	0	0	0	0	0	0	0	0	0	4020000,4020001	1000,1006	-357,130
10102	Stage_StageNameId_10102	Stage_StageExplainId_10102	Stage_StageTargetTalk_2001	1,4	10,0	2	101	1	0	0	battle01	stage_xqnm03	10101	0	0	40000,50102,50100	0	60100	0	6	6	25	607	0	0	400	20	2	0	1001	0	1001	0	1001	0	1007	0	0	0	0	0	0	0	0	0	0	4020000,4020002	1001,1007	80,-125
10103	Stage_StageNameId_10103	Stage_StageExplainId_10103	Stage_StageTargetTalk_2002	1,4	10,0	3	101	1	0	0	battle01	stage_xqnm03	10102	0	0	40000,50103,50100	0	60100	0	6	6	25	613	0	0	500	20	2	0	1000	0	1000	0	1000	1006	0	1008	0	1009	0	0	0	0	0	0	0	4020000,4020003	1000,1006	336,145
10201	Stage_StageNameId_10104	Stage_StageExplainId_10104	Stage_StageTargetTalk_2003	1,4	10,0	1	102	1	0	0	battle06	stage_xqnm03	10103	0	0	40000,50200	0	60200	0	6	6	30	619	0	0	600	20	2	1010	1010	1010	0	1010	0	0	1010	0	0	0	0	0	0	0	0	0	0	4020000	1010,1010	-95,-195
10202	Stage_StageNameId_10105	Stage_StageExplainId_10105	Stage_StageTargetTalk_2004	1,4	10,0	2	102	1	0	0	battle06	stage_xqnm03	10201	0	0	40000,50202,50200	2:20,4020000:5,1:12000	60200	0	6	6	30	625	0	0	700	20	2	1011	1011	1011	0	1011	0	0	1016	0	0	0	0	0	0	0	0	0	0	4020000	1011,1016	-455,-50
10203	Stage_StageNameId_10106	Stage_StageExplainId_10106	Stage_StageTargetTalk_2005	1,4	10,0	2	102	1	0	0	battle06	stage_xqnm03	10202	0	0	40000,50203,50200	2:10,4020001:1,4020002:1,4020003:1	60200	0	6	6	30	631	0	0	800	20	2	0	1012	0	1012	0	1012	0	1017	0	1012	0	1012	0	0	0	0	0	0	4020000,4020001	1012,1017	-357,130
10204	Stage_StageNameId_10107	Stage_StageExplainId_10107	Stage_StageTargetTalk_2006	1,4	10,0	2	102	1	0	0	battle06	stage_xqnm03	10203	0	0	40000,50203,50200	0	60200	0	6	6	30	637	0	0	900	20	2	0	1012	0	0	1012	0	0	1018	0	0	0	0	0	0	0	0	0	0	4020000,4020001	1012,1018	-156,93
10205	Stage_StageNameId_10108	Stage_StageExplainId_10108	Stage_StageTargetTalk_2007	1,4	10,0	1	102	1	0	0	battle06	stage_xqnm03	10204	0	0	40000,50205,50200	2:10,4020001:1,4020002:1,4020003:1	60200	0	6	6	30	643	0	0	1000	20	2	1019	0	1019	1019	0	1019	1019	1019	1019	0	1025	0	0	0	0	0	0	0	4020000,4020002	1019,1019	-48,-25
10206	Stage_StageNameId_10109	Stage_StageExplainId_10109	Stage_StageTargetTalk_2008	1,4	10,0	2	102	1	0	0	battle06	stage_xqnm03	10205	0	0	40000,50205,50200	0	60200	0	6	6	30	649	0	0	1100	20	2	0	1020	0	0	1020	0	0	1026	0	0	0	0	0	0	0	0	0	0	4020000,4020002	1020,1026	80,-125
10207	Stage_StageNameId_10110	Stage_StageExplainId_10110	Stage_StageTargetTalk_2009	1,4	10,0	2	102	1	0	0	battle06	stage_xqnm03	10206	0	0	40000,50207,50200	2:10,4020001:1,4020002:1,4020003:1	60200	0	6	6	30	655	0	0	1200	20	2	1020	0	1020	0	1020	1020	1020	0	1020	0	1027	0	0	0	0	0	0	0	4020000,4020003	1020,1020	56,157
10208	Stage_StageNameId_10111	Stage_StageExplainId_10111	Stage_StageTargetTalk_2000	1,4	10,0	3	102	1	0	0	battle06	stage_xqnm03	10207	0	0	40000,50207,50200	0	60200	0	6	6	30	661	0	0	1300	20	2	1021	1021	1021	1021	1021	1021	0	1028	0	0	0	0	0	0	0	0	0	0	4020000,4020003	1021,1028	336,145
10301	Stage_StageNameId_10112	Stage_StageExplainId_10112	Stage_StageTargetTalk_2001	1,4	10,0	1	103	1	0	0	battle03	stage_xqnm03	10208	0	0	40000,50300	0	60300	0	6	6	35	667	0	0	1400	20	2	0	1029	0	1029	1029	1029	0	1029	0	1029	0	1029	0	0	0	0	0	0	4020000	1029,1029	-95,-195
10302	Stage_StageNameId_10113	Stage_StageExplainId_10113	Stage_StageTargetTalk_2002	1,4	10,0	2	103	1	0	0	battle03	stage_xqnm03	10301	0	0	40000,50300	0	60300	0	6	6	35	673	0	0	1500	20	2	1029	0	1029	1029	0	1029	0	1035	0	1029	0	1029	0	0	0	0	0	0	4020000	1029,1035	-455,-50
10303	Stage_StageNameId_10114	Stage_StageExplainId_10114	Stage_StageTargetTalk_2003	1,4	10,0	2	103	1	0	0	battle03	stage_xqnm03	10302	0	0	40000,50303,50300	2:10,4020001:2,4020002:2,4020003:2	60300	0	6	6	35	679	0	0	1600	20	2	1030	1030	0	1030	1030	0	0	1036	0	0	0	0	0	0	0	0	0	0	4020000,4020001	1030,1036	-357,130
10304	Stage_StageNameId_10115	Stage_StageExplainId_10115	Stage_StageTargetTalk_2004	1,4	10,0	2	103	1	0	0	battle03	stage_xqnm03	10303	0	0	40000,50303,50300	0	60300	0	6	6	35	685	0	0	1700	20	2	1030	1030	1030	0	0	0	0	1037	0	0	0	0	0	0	0	0	0	0	4020000,4020001	1030,1037	-156,93
10305	Stage_StageNameId_10116	Stage_StageExplainId_10116	Stage_StageTargetTalk_2005	1,4	10,0	1	103	1	0	0	battle03	stage_xqnm03	10304	0	0	40000,50305,50300	2:10,4020001:2,4020002:2,4020003:2	60300	0	6	6	35	691	0	0	1800	20	1	1038	0	1038	1038	0	1038	0	0	0	0	0	0	0	0	0	0	0	0	4020000,4020002	1038	-48,-25
10306	Stage_StageNameId_10117	Stage_StageExplainId_10117	Stage_StageTargetTalk_2006	1,4	10,0	2	103	1	0	0	battle03	stage_xqnm03	10305	0	0	40000,50305,50300	0	60300	0	6	6	35	697	0	0	1900	20	2	1038	0	1038	1038	0	1038	0	1044	0	0	1045	0	0	0	0	0	0	0	4020000,4020002	1038,1044	80,-125
10307	Stage_StageNameId_10118	Stage_StageExplainId_10118	Stage_StageTargetTalk_2007	1,4	10,0	2	103	1	0	0	battle03	stage_xqnm03	10306	0	0	40000,50307,50300	2:10,4020001:2,4020002:2,4020003:2	60300	0	6	6	35	703	0	0	2000	20	2	0	1039	0	1039	1039	1039	0	1046	0	0	0	0	0	0	0	0	0	0	4020000,4020003	1039,1046	56,157
10308	Stage_StageNameId_10119	Stage_StageExplainId_10119	Stage_StageTargetTalk_2008	1,4	10,0	3	103	1	0	0	battle03	stage_xqnm03	10307	0	0	40000,50307,50300	0	60300	0	6	6	35	709	0	0	2100	20	2	0	1039	0	1039	0	1039	0	1047	0	0	0	0	0	0	0	0	0	0	4020000,4020003	1039,1047	336,145
10401	Stage_StageNameId_10120	Stage_StageExplainId_10120	Stage_StageTargetTalk_2009	1,4	10,0	1	104	1	0	0	battle04	stage_xqnm03	10308			40000,50400	0	60400	0	6	6	40	715	0	0	0	20	1	1048	0	1048	1048	0	1048	0	0	0	0	0	0	0	0	0	0	0	0	4020000	1048	-95,-195
10402	Stage_StageNameId_10121	Stage_StageExplainId_10121	Stage_StageTargetTalk_2000	1,4	10,0	2	104	1	0	0	battle04	stage_xqnm03	10401			40000,50402,50400	0	60400	0	6	6	40	721	0	0	0	20	2	0	1048	1048	1048	1048	0	0	1054	0	0	1055	0	0	0	0	0	0	0	4020000,4020002	1048,1054	-455,-50
10403	Stage_StageNameId_10122	Stage_StageExplainId_10122	Stage_StageTargetTalk_2001	1,4	10,0	1	104	1	0	0	battle04	stage_xqnm03	10402			40000,50403,50400	4020005:3,2:10,1:3000	60400	0	6	6	40	727	0	0	0	20	1	1049	0	1049	0	1049	0	0	0	0	0	0	0	0	0	0	0	0	0	4020000,4020004,4020002,4020003	1049	-357,130
10404	Stage_StageNameId_10123	Stage_StageExplainId_10123	Stage_StageTargetTalk_2002	1,4	10,0	2	104	1	0	0	battle04	stage_xqnm03	10403			40000,50403,50400	0	60400	0	6	6	40	733	0	0	0	20	2	1049	1049	1049	0	0	0	1049	1049	1049	0	1056	0	0	0	0	0	0	0	4020000,4020004,4020002,4020003	1049,1049	-156,93
10405	Stage_StageNameId_10124	Stage_StageExplainId_10124	Stage_StageTargetTalk_2003	1,4	10,0	1	104	1	0	0	battle04	stage_xqnm03	10404			40000,50405,50400	4020004:3,2:10,1:3000	60400	0	6	6	40	739	0	0	0	20	1	1050	0	1050	0	1050	0	0	0	0	0	0	0	0	0	0	0	0	0	4020000,4020005,4020001,4020003	1050	-48,-25
10406	Stage_StageNameId_10125	Stage_StageExplainId_10125	Stage_StageTargetTalk_2004	1,4	10,0	2	104	1	0	0	battle04	stage_xqnm03	10405			40000,50405,50400	0	60400	0	6	6	40	745	0	0	0	20	2	1050	1050	1050	0	0	0	1057	0	1058	0	0	0	0	0	0	0	0	0	4020000,4020005,4020001,4020003	1050,1057	80,-125
10407	Stage_StageNameId_10126	Stage_StageExplainId_10126	Stage_StageTargetTalk_2005	1,4	10,0	2	104	1	0	0	battle04	stage_xqnm03	10406			40000,50407,50400	4020006:3,2:10,1:3000	60400	0	6	6	40	751	0	0	0	20	2	0	1050	0	0	1050	0	0	1057	0	0	0	0	0	0	0	0	0	0	4020000,4020006,4020001,4020002	1050,1057	56,157
10408	Stage_StageNameId_10127	Stage_StageExplainId_10127	Stage_StageTargetTalk_2006	1,4	10,0	3	104	1	0	0	battle04	stage_xqnm03	10407			40000,50407,50400	0	60400	0	6	6	40	757	0	0	0	20	2	1050	0	1050	0	0	0	0	1059	0	0	0	0	0	0	0	0	0	0	4020000,4020006,4020001,4020002	1050,1059	336,145
10501	Stage_StageNameId_10128	Stage_StageExplainId_10128	Stage_StageTargetTalk_2007	1,4	10,0	1	105	1	0	0	battle05	stage_xqnm03	10408			40000,50500	0	60500	0	6	6	45	763	0	0	0	20	3	0	0	1060	0	0	0	0	1060	0	0	0	0	1060	1060	1060	0	1060	1060	4020000	1060,1060,1060	-251,-78
10502	Stage_StageNameId_10129	Stage_StageExplainId_10129	Stage_StageTargetTalk_2008	1,4	10,0	1	105	1	0	0	battle05	stage_xqnm03	10501			40000,50502,50500	0	60500	0	6	6	45	769	0	0	0	20	3	0	1060	0	0	1060	1060	1060	1060	0	1060	1060	0	0	1066	0	0	0	0	4020000,4020004	1060,1060,1066	-493,-68
10503	Stage_StageNameId_10130	Stage_StageExplainId_10130	Stage_StageTargetTalk_2009	1,4	10,0	1	105	1	0	0	battle05	stage_xqnm03	10502			40000,50502,50500	0	60500	0	6	6	45	775	0	0	0	20	3	0	1061	0	0	0	1061	1061	0	1061	0	0	0	0	1067	0	0	0	0	4020000,4020004	1061,1061,1067	-484,52
10504	Stage_StageNameId_10131	Stage_StageExplainId_10131	Stage_StageTargetTalk_2000	1,4	10,0	2	105	1	0	0	battle05	stage_xqnm03	10503			40000,50502,50500	4020005:3,2:10,1:4000	60500	0	6	6	45	781	0	0	0	20	3	1061	1061	1061	0	0	0	0	1061	1061	0	0	0	0	1068	0	0	0	0	4020000,4020004	1061,1061,1068	-275,120
10505	Stage_StageNameId_10132	Stage_StageExplainId_10132	Stage_StageTargetTalk_2001	1,4	10,0	1	105	1	0	0	battle05	stage_xqnm03	10504			40000,50505,50500	0	60500	0	6	6	45	787	0	0	0	20	3	1060	1060	1060	0	0	0	1060	0	1060	0	1060	0	1060	1060	1060	0	0	0	4020000,4020006	1060,1060,1060	-101,34
10506	Stage_StageNameId_10133	Stage_StageExplainId_10133	Stage_StageTargetTalk_2002	1,4	10,0	1	105	1	0	0	battle05	stage_xqnm03	10505			40000,50505,50500	0	60500	0	6	6	45	793	0	0	0	20	3	0	0	1060	0	0	1060	0	1060	1060	0	1060	1060	0	1069	0	0	1070	0	4020000,4020006	1060,1060,1069	120,-130
10507	Stage_StageNameId_10134	Stage_StageExplainId_10134	Stage_StageTargetTalk_2003	1,4	10,0	2	105	1	0	0	battle05	stage_xqnm03	10506			40000,50505,50500	4020004:3,2:10,1:4000	60500	0	6	6	45	799	0	0	0	20	3	0	1062	1062	0	0	0	1062	0	1062	0	1062	0	0	1071	0	0	1072	0	4020000,4020006	1062,1062,1071	260,62
10508	Stage_StageNameId_10135	Stage_StageExplainId_10135	Stage_StageTargetTalk_2004	1,4	10,0	1	105	1	0	0	battle05	stage_xqnm03	10507			40000,50508,50500	0	60500	0	6	6	45	805	0	0	0	20	3	1062	1062	1062	0	0	0	0	1062	0	1062	1062	1062	0	1062	0	1062	1062	1062	4020000,4020005	1062,1062,1062	28,82
10509	Stage_StageNameId_10136	Stage_StageExplainId_10136	Stage_StageTargetTalk_2005	1,4	10,0	1	105	1	0	0	battle05	stage_xqnm03	10508			40000,50508,50500	4020006:3,2:10,1:4000	60500	0	6	6	45	811	0	0	0	20	3	0	1068	0	0	0	0	0	1067	0	0	0	0	0	1073	0	0	0	0	4020000,4020005	1068,1067,1073	98,152
10510	Stage_StageNameId_10137	Stage_StageExplainId_10137	Stage_StageTargetTalk_2006	1,4	10,0	3	105	1	0	0	battle05	stage_xqnm03	10509			40000,50508,50500	0	60500	0	6	6	45	817	0	0	0	20	3	1060	0	0	1060	0	0	1061	0	1061	0	1061	0	0	1074	0	1075	0	1073	4020000,4020005	1060,1061,1074	327,152
10601	Stage_StageNameId_10138	Stage_StageExplainId_10138	Stage_StageTargetTalk_2007	1,4	10,0	1	106	1	0	0	battle06	stage_xqnm03	10510			40000,50601,50600	0	60600	0	6	6	50	823	0	0	0	20	3	1076	1076	0	0	0	0	0	0	0	1076	0	1076	0	1076	0	1076	1076	1076	4020000,4020007,4020005,4020006	1076,1076,1076	-251,-78
10602	Stage_StageNameId_10139	Stage_StageExplainId_10139	Stage_StageTargetTalk_2008	1,4	10,0	1	106	1	0	0	battle06	stage_xqnm03	10601			40000,50601,50600	0	60600	0	6	6	50	829	0	0	0	20	3	0	1082	0	0	0	0	0	1083	0	0	0	0	0	1084	0	0	0	0	4020000,4020007,4020005,4020006	1082,1083,1084	-493,-68
10603	Stage_StageNameId_10140	Stage_StageExplainId_10140	Stage_StageTargetTalk_2009	1,4	10,0	1	106	1	0	0	battle06	stage_xqnm03	10602			40000,50601,50600	0	60600	0	6	6	50	835	0	0	0	20	3	0	1076	0	1076	0	0	0	1076	0	1076	1076	0	0	1085	0	0	0	1086	4020000,4020007,4020005,4020006	1076,1076,1085	-484,52
10604	Stage_StageNameId_10141	Stage_StageExplainId_10141	Stage_StageTargetTalk_2000	1,4	10,0	2	106	1	0	0	battle06	stage_xqnm03	10603			40000,50601,50600	6:1,2:10,1:5000	60600	0	6	6	50	841	0	0	0	20	3	0	1076	0	1076	0	0	0	0	1077	0	1077	1077	0	1086	0	0	1087	0	4020000,4020007,4020005,4020006	1076,1077,1086	-275,120
10605	Stage_StageNameId_10142	Stage_StageExplainId_10142	Stage_StageTargetTalk_2001	1,4	10,0	1	106	1	0	0	battle06	stage_xqnm03	10604			40000,50605,50600	0	60600	0	6	6	50	847	0	0	0	20	3	0	1077	0	0	1077	0	1077	0	0	1077	0	0	0	0	1077	0	1077	1077	4020000,4020008,4020004,4020006	1077,1077,1077	-101,34
10606	Stage_StageNameId_10143	Stage_StageExplainId_10143	Stage_StageTargetTalk_2002	1,4	10,0	1	106	1	0	0	battle06	stage_xqnm03	10605			40000,50605,50600	0	60600	0	6	6	50	853	0	0	0	20	3	0	1088	0	0	0	0	0	1089	0	0	0	0	0	1085	0	0	0	0	4020000,4020008,4020004,4020006	1088,1089,1085	120,-130
10607	Stage_StageNameId_10144	Stage_StageExplainId_10144	Stage_StageTargetTalk_2003	1,4	10,0	2	106	1	0	0	battle06	stage_xqnm03	10606			40000,50605,50600	6:1,2:10,1:5000	60600	0	6	6	50	859	0	0	0	20	3	1078	1078	0	0	1078	0	0	1078	0	0	1078	1078	0	1090	0	1091	0	0	4020000,4020008,4020004,4020006	1078,1078,1090	260,62
10608	Stage_StageNameId_10145	Stage_StageExplainId_10145	Stage_StageTargetTalk_2004	1,4	10,0	1	106	1	0	0	battle06	stage_xqnm03	10607			40000,50608,50600	0	60600	0	6	6	50	865	0	0	0	20	3	0	0	1078	0	1078	0	0	1078	0	1078	0	1078	1079	0	1079	0	1079	0	4020000,4020009,4020004,4020005	1078,1078,1079	28,82
10609	Stage_StageNameId_10146	Stage_StageExplainId_10146	Stage_StageTargetTalk_2005	1,4	10,0	1	106	1	0	0	battle06	stage_xqnm03	10608			40000,50608,50600	6:1,2:10,1:5000	60600	0	6	6	50	871	0	0	0	20	3	1079	1079	1079	0	0	0	0	1079	0	0	1079	0	0	1088	0	1092	1084	1087	4020000,4020009,4020004,4020005	1079,1079,1088	98,152
10610	Stage_StageNameId_10147	Stage_StageExplainId_10147	Stage_StageTargetTalk_2006	1,4	10,0	3	106	1	0	0	battle06	stage_xqnm03	10609			40000,50608,50600	0	60600	0	6	6	50	877	0	0	0	20	3	0	0	0	1079	0	1079	1077	0	0	1077	0	1077	0	1091	0	0	0	0	4020000,4020009,4020004,4020005	1079,1077,1091	327,152
10701	Stage_StageNameId_10148	Stage_StageExplainId_10148	Stage_StageTargetTalk_2007	1,4	10,0	1	107	1	0	0	battle01	stage_xqnm03	10610			40000,50701,50700	0	60700	0	6	6	55	883	0	0	0	20	3	1093	1093	1093	0	0	0	0	1093	0	1093	0	0	0	1093	0	1093	0	1093	4020000,4020007,4020006	1093,1093,1093	-251,-78
10702	Stage_StageNameId_10149	Stage_StageExplainId_10149	Stage_StageTargetTalk_2008	1,4	10,0	1	107	1	0	0	battle01	stage_xqnm03	10701			40000,50701,50700	0	60700	0	6	6	55	889	0	0	0	20	3	1094	1094	1094	0	1094	0	1094	1094	1094	0	0	0	1094	1099	1094	0	0	0	4020000,4020007,4020006	1094,1094,1094	-493,-68
10703	Stage_StageNameId_10150	Stage_StageExplainId_10150	Stage_StageTargetTalk_2009	1,4	10,0	1	107	1	0	0	battle01	stage_xqnm03	10702			40000,50701,50700	0	60700	0	6	6	55	895	0	0	0	20	3	1093	0	1093	1093	0	1093	0	1094	0	0	1094	0	0	1100	0	0	0	0	4020000,4020007,4020006	1093,1094,1100	-484,52
10704	Stage_StageNameId_10151	Stage_StageExplainId_10151	Stage_StageTargetTalk_2000	1,4	10,0	2	107	1	0	0	battle01	stage_xqnm03	10703			40000,50701,50700	6:1,2:10,1:20000,4080004:2	60700	0	6	6	55	901	0	0	0	20	3	1093	1093	1093	0	0	0	0	1094	0	1094	1094	1094	0	1101	0	0	1099	0	4020000,4020007,4020006	1093,1094,1101	-275,120
10705	Stage_StageNameId_10152	Stage_StageExplainId_10152	Stage_StageTargetTalk_2001	1,4	10,0	1	107	1	0	0	battle01	stage_xqnm03	10704			40000,50705,50700	0	60700	0	6	6	55	907	0	0	0	20	3	0	1095	0	1095	0	1095	1093	0	1093	1093	1093	1093	1095	0	1095	1095	1095	1095	4020000,4020009,4020005	1095,1093,1095	-101,34
10706	Stage_StageNameId_10153	Stage_StageExplainId_10153	Stage_StageTargetTalk_2002	1,4	10,0	1	107	1	0	0	battle01	stage_xqnm03	10705			40000,50705,50700	0	60700	0	6	6	55	913	0	0	0	20	3	0	0	0	1095	1095	1095	0	1094	0	0	1094	0	1100	1102	1103	0	0	0	4020000,4020009,4020005	1095,1094,1100	120,-130
10707	Stage_StageNameId_10154	Stage_StageExplainId_10154	Stage_StageTargetTalk_2003	1,4	10,0	2	107	1	0	0	battle01	stage_xqnm03	10706			40000,50705,50700	6:1,2:10,1:20000,4080004:2	60700	0	6	6	55	919	0	0	0	20	3	0	1094	1094	1094	1094	1094	1094	0	1094	0	1094	0	1093	1093	1093	0	1104	0	4020000,4020009,4020005	1094,1094,1093	260,62
10708	Stage_StageNameId_10155	Stage_StageExplainId_10155	Stage_StageTargetTalk_2004	1,4	10,0	1	107	1	0	0	battle01	stage_xqnm03	10707			40000,50708,50700	0	60700	0	6	6	55	925	0	0	0	20	3	1093	0	1093	1093	1093	1093	0	1093	0	1093	1093	1093	1094	1094	1094	0	1094	0	4020000,4020008,4020004	1093,1093,1094	28,82
10709	Stage_StageNameId_10156	Stage_StageExplainId_10156	Stage_StageTargetTalk_2005	1,4	10,0	1	107	1	0	0	battle01	stage_xqnm03	10708			40000,50708,50700	6:1,2:10,1:20000,4080004:2	60700	0	6	6	55	931	0	0	0	20	3	1095	1095	1095	1095	0	0	1093	1093	1093	1093	1093	1093	1094	1094	1094	0	1105	0	4020000,4020008,4020004	1095,1093,1094	98,152
10710	Stage_StageNameId_10157	Stage_StageExplainId_10157	Stage_StageTargetTalk_2006	1,4	10,0	3	107	1	0	0	battle01	stage_xqnm03	10709			40000,50708,50700	0	60700	0	6	6	55	937	0	0	0	20	3	1095	1095	1095	1095	0	0	1094	1094	1094	1094	1094	1094	0	1106	0	0	0	0	4020000,4020008,4020004	1095,1094,1106	327,152
10801	Stage_StageNameId_10158	Stage_StageExplainId_10158	Stage_StageTargetTalk_2007	1,4	10,0	1	108	1	0	0	battle06	stage_xqnm03	10710			40000,50801,50800	0	60800	0	6	6	60	943	0	0	0	20	3	1107	1107	1107	0	0	0	0	1107	0	1107	0	0	0	1107	0	1107	0	1107	4020000,4020010,4020008,4020003	1107,1107,1107	-251,-78
10802	Stage_StageNameId_10159	Stage_StageExplainId_10159	Stage_StageTargetTalk_2008	1,4	10,0	1	108	1	0	0	battle06	stage_xqnm03	10801			40000,50801,50800	0	60800	0	6	6	60	949	0	0	0	20	3	1107	1107	1107	0	1107	0	1108	1108	1108	0	0	0	0	1113	0	0	0	0	4020000,4020010,4020008,4020003	1107,1108,1113	-493,-68
10803	Stage_StageNameId_10160	Stage_StageExplainId_10160	Stage_StageTargetTalk_2009	1,4	10,0	1	108	1	0	0	battle06	stage_xqnm03	10802			40000,50801,50800	0	60800	0	6	6	60	955	0	0	0	20	3	0	1107	0	1107	0	1107	0	1108	0	0	1108	0	0	1114	0	0	0	0	4020000,4020010,4020008,4020003	1107,1108,1114	-484,52
10804	Stage_StageNameId_10161	Stage_StageExplainId_10161	Stage_StageTargetTalk_2000	1,4	10,0	2	108	1	0	0	battle06	stage_xqnm03	10803			40000,50801,50800	6:1,2:10,1:60000,4080004:4	60800	0	6	6	60	961	0	0	0	20	3	1108	1108	1108	0	0	0	0	1107	0	1107	1107	1107	0	1115	0	0	1116	0	4020000,4020010,4020008,4020003	1108,1107,1115	-275,120
10805	Stage_StageNameId_10162	Stage_StageExplainId_10162	Stage_StageTargetTalk_2001	1,4	10,0	1	108	1	0	0	battle06	stage_xqnm03	10804			40000,50805,50800	0	60800	0	6	6	60	967	0	0	0	20	3	0	1108	0	1108	0	1108	1107	0	1107	1107	1107	1107	1107	0	1107	1107	1107	1107	4020000,4020011,4020009,4020001	1108,1107,1107	-101,34
10806	Stage_StageNameId_10163	Stage_StageExplainId_10163	Stage_StageTargetTalk_2002	1,4	10,0	1	108	1	0	0	battle06	stage_xqnm03	10805			40000,50805,50800	0	60800	0	6	6	60	973	0	0	0	20	3	0	0	0	1109	1109	1109	0	1109	0	0	1109	0	1114	1117	1118	0	0	0	4020000,4020011,4020009,4020001	1109,1109,1114	120,-130
10807	Stage_StageNameId_10164	Stage_StageExplainId_10164	Stage_StageTargetTalk_2003	1,4	10,0	2	108	1	0	0	battle06	stage_xqnm03	10806			40000,50805,50800	6:1,2:10,1:60000,4080004:4	60800	0	6	6	60	979	0	0	0	20	3	0	1119	0	0	0	0	0	1115	0	0	0	0	0	1120	0	0	0	0	4020000,4020011,4020009,4020001	1119,1115,1120	260,62
10808	Stage_StageNameId_10165	Stage_StageExplainId_10165	Stage_StageTargetTalk_2004	1,4	10,0	1	108	1	0	0	battle06	stage_xqnm03	10807			40000,50808,50800	0	60800	0	6	6	60	985	0	0	0	20	3	1107	0	1107	1107	1107	1107	0	1108	0	1108	1108	1108	1109	1109	1109	1109	1109	1109	4020000,4020012,4020007,4020002	1107,1108,1109	28,82
10809	Stage_StageNameId_10166	Stage_StageExplainId_10166	Stage_StageTargetTalk_2005	1,4	10,0	1	108	1	0	0	battle06	stage_xqnm03	10808			40000,50808,50800	6:1,2:10,1:60000,4080004:4	60800	0	6	6	60	991	0	0	0	20	3	1107	1107	1107	1107	0	0	1108	1108	1108	1108	1108	1108	1109	1109	1109	0	1121	0	4020000,4020012,4020007,4020002	1107,1108,1109	98,152
10810	Stage_StageNameId_10167	Stage_StageExplainId_10167	Stage_StageTargetTalk_2006	1,4	10,0	3	108	1	0	0	battle06	stage_xqnm03	10809			40000,50808,50800	0	60800	0	6	6	60	997	0	0	0	20	3	1109	1109	1109	0	0	0	1107	1107	1107	1107	1107	1107	1119	0	1121	1115	0	1122	4020000,4020012,4020007,4020002	1109,1107,1119	327,152
10901	Stage_StageNameId_10168	Stage_StageExplainId_10168	Stage_StageTargetTalk_2007	1,4	10,0	1	109	1	0	0	battle03	stage_xqnm03	10810			40000,50901,50900	0	60900	0	6	6	85	1003	0	0	0	20	3	1123	0	1123	0	1123	0	1123	1123	1123	0	1123	0	1123	1123	1123	0	0	0	4020000,4020010,4020009	1123,1123,1123	-251,-78
10902	Stage_StageNameId_10169	Stage_StageExplainId_10169	Stage_StageTargetTalk_2008	1,4	10,0	1	109	1	0	0	battle03	stage_xqnm03	10901			40000,50901,50900	0	60900	0	6	6	85	1009	0	0	0	20	3	0	1124	0	1124	1124	1124	1123	1123	1123	1123	1123	1123	0	1129	0	1124	1124	1124	4020000,4020010,4020009	1124,1123,1129	-493,-68
10903	Stage_StageNameId_10170	Stage_StageExplainId_10170	Stage_StageTargetTalk_2009	1,4	10,0	1	109	1	0	0	battle03	stage_xqnm03	10902			40000,50901,50900	0	60900	0	6	6	85	1015	0	0	0	20	3	1125	1125	1125	0	0	0	1124	0	1124	1124	1124	1124	0	1123	0	1123	0	0	4020000,4020010,4020009	1125,1124,1123	-484,52
10904	Stage_StageNameId_10171	Stage_StageExplainId_10171	Stage_StageTargetTalk_2000	1,4	10,0	2	109	1	0	0	battle03	stage_xqnm03	10903			40000,50901,50900	6:1,2:10,1:80000,4080005:3	60900	0	6	6	85	1021	0	0	0	20	3	1125	1125	1125	1125	0	1125	1123	1123	1123	1123	1123	1123	1130	1131	1132	0	0	0	4020000,4020010,4020009	1125,1123,1130	-275,120
10905	Stage_StageNameId_10172	Stage_StageExplainId_10172	Stage_StageTargetTalk_2001	1,4	10,0	1	109	1	0	0	battle03	stage_xqnm03	10904			40000,50905,50900	0	60900	0	6	6	85	1027	0	0	0	20	3	1123	1123	1123	0	0	0	1124	1124	1124	0	1124	0	1125	1125	1125	0	0	0	4020000,4020012,4020008	1123,1124,1125	-101,34
10906	Stage_StageNameId_10173	Stage_StageExplainId_10173	Stage_StageTargetTalk_2002	1,4	10,0	1	109	1	0	0	battle03	stage_xqnm03	10905			40000,50905,50900	0	60900	0	6	6	85	1033	0	0	0	20	3	0	1124	0	0	1124	0	1123	1123	1123	1123	1123	1123	0	1133	0	0	1134	0	4020000,4020012,4020008	1124,1123,1133	120,-130
10907	Stage_StageNameId_10174	Stage_StageExplainId_10174	Stage_StageTargetTalk_2003	1,4	10,0	2	109	1	0	0	battle03	stage_xqnm03	10906			40000,50905,50900	6:1,2:10,1:80000,4080005:3	60900	0	6	6	85	1039	0	0	0	20	3	1123	1123	1123	0	1123	0	1125	1125	1125	0	1125	0	1133	1135	1136	0	1134	0	4020000,4020012,4020008	1123,1125,1133	260,62
10908	Stage_StageNameId_10175	Stage_StageExplainId_10175	Stage_StageTargetTalk_2004	1,4	10,0	1	109	1	0	0	battle03	stage_xqnm03	10907			40000,50908,50900	0	60900	0	6	6	85	1045	0	0	0	20	3	1124	1124	1124	0	0	0	0	1123	0	1123	1123	1123	0	1123	0	1123	1123	1123	4020000,4020011,4020007	1124,1123,1123	28,82
10909	Stage_StageNameId_10176	Stage_StageExplainId_10176	Stage_StageTargetTalk_2005	1,4	10,0	1	109	1	0	0	battle03	stage_xqnm03	10908			40000,50908,50900	6:1,2:10,1:80000,4080005:3	60900	0	6	6	85	1051	0	0	0	20	3	0	1137	0	0	0	0	0	1138	0	0	0	0	0	1129	0	0	0	0	4020000,4020011,4020007	1137,1138,1129	98,152
10910	Stage_StageNameId_10177	Stage_StageExplainId_10177	Stage_StageTargetTalk_2006	1,4	10,0	3	109	1	0	0	battle03	stage_xqnm03	10909			40000,50908,50900	0	60900	0	6	6	85	1057	0	0	0	20	3	0	1139	0	0	0	0	0	1135	0	0	0	0	0	1140	0	0	0	0	4020000,4020011,4020007	1139,1135,1140	327,152
11001	Stage_StageNameId_10178	Stage_StageExplainId_10178	Stage_StageTargetTalk_2007	1,4	10,0	1	110	1	0	0	battle04	stage_xqnm03	10910			40000,51001,51000	0	61000	0	6	6	100	1063	0	0	0	20	3	1141	1141	1141	0	0	0	0	0	0	1141	0	1141	1142	1142	1142	1142	1142	1142	4020000,4020013,4020011,4020006	1141,1141,1142	-251,-78
11002	Stage_StageNameId_10179	Stage_StageExplainId_10179	Stage_StageTargetTalk_2008	1,4	10,0	1	110	1	0	0	battle04	stage_xqnm03	11001			40000,51001,51000	0	61000	0	6	6	100	1069	0	0	0	20	3	0	1147	0	0	0	0	0	1148	0	0	0	0	0	1149	0	0	0	0	4020000,4020013,4020011,4020006	1147,1148,1149	-493,-68
11003	Stage_StageNameId_10180	Stage_StageExplainId_10180	Stage_StageTargetTalk_2009	1,4	10,0	1	110	1	0	0	battle04	stage_xqnm03	11002			40000,51001,51000	0	61000	0	6	6	100	1075	0	0	0	20	3	0	1141	0	1141	0	1141	1142	1142	1142	1142	1142	1142	0	1141	0	1141	0	1141	4020000,4020013,4020011,4020006	1141,1142,1141	-484,52
11004	Stage_StageNameId_10181	Stage_StageExplainId_10181	Stage_StageTargetTalk_2000	1,4	10,0	2	110	1	0	0	battle04	stage_xqnm03	11003			40000,51001,51000	6:1,2:10,1:150000,4080005:5	61000	0	6	6	100	1081	0	0	0	20	3	0	1142	0	1142	0	0	0	1141	0	1141	1141	1141	0	1150	0	0	0	0	4020000,4020013,4020011,4020006	1142,1141,1150	-275,120
11005	Stage_StageNameId_10182	Stage_StageExplainId_10182	Stage_StageTargetTalk_2001	1,4	10,0	1	110	1	0	0	battle04	stage_xqnm03	11004			40000,51005,51000	0	61000	0	6	6	100	1087	0	0	0	20	3	0	1143	0	0	1143	0	1141	1141	1141	0	1141	0	1143	1143	1143	0	0	0	4020000,4020014,4020012,4020004	1143,1141,1143	-101,34
11006	Stage_StageNameId_10183	Stage_StageExplainId_10183	Stage_StageTargetTalk_2002	1,4	10,0	1	110	1	0	0	battle04	stage_xqnm03	11005			40000,51005,51000	0	61000	0	6	6	100	1093	0	0	0	20	3	0	1151	0	0	0	0	0	1152	0	0	0	0	0	1153	0	0	0	0	4020000,4020014,4020012,4020004	1151,1152,1153	120,-130
11007	Stage_StageNameId_10184	Stage_StageExplainId_10184	Stage_StageTargetTalk_2003	1,4	10,0	2	110	1	0	0	battle04	stage_xqnm03	11006			40000,51005,51000	6:1,2:10,1:150000,4080005:5	61000	0	6	6	100	1099	0	0	0	20	3	1141	1141	1141	1141	1141	1141	0	1142	0	0	1142	0	0	1154	0	1148	0	1149	4020000,4020014,4020012,4020004	1141,1142,1154	260,62
11008	Stage_StageNameId_10185	Stage_StageExplainId_10185	Stage_StageTargetTalk_2004	1,4	10,0	1	110	1	0	0	battle04	stage_xqnm03	11007			40000,51008,51000	0	61000	0	6	6	100	1105	0	0	0	20	3	1143	1143	1143	1143	0	1143	1142	1142	1142	0	0	0	1141	0	1141	0	1141	0	4020000,4020015,4020010,4020005	1143,1142,1141	28,82
11009	Stage_StageNameId_10186	Stage_StageExplainId_10186	Stage_StageTargetTalk_2005	1,4	10,0	1	110	1	0	0	battle04	stage_xqnm03	11008			40000,51008,51000	6:1,2:10,1:150000,4080005:5	61000	0	6	6	100	1111	0	0	0	20	3	1142	1142	1142	0	0	0	1143	1143	1143	1143	1143	1143	0	1151	0	1155	1156	1157	4020000,4020015,4020010,4020005	1142,1143,1151	98,152
11010	Stage_StageNameId_10187	Stage_StageExplainId_10187	Stage_StageTargetTalk_2006	1,4	10,0	3	110	1	0	0	battle04	stage_xqnm03	11009			40000,51008,51000	0	61000	0	6	6	100	1117	0	0	0	20	3	0	1158	0	0	0	0	0	1159	0	0	0	0	0	1152	0	0	0	0	4020000,4020015,4020010,4020005	1158,1159,1152	327,152
11101	Stage_StageNameId_10188	Stage_StageExplainId_10188	Stage_StageTargetTalk_2007	1,4	10,0	1	111	1	0	0	battle05	stage_xqnm03	11010			40000,51101,51100	0	61100	0	6	6	120	1123	0	0	0	20	3	1160	0	1160	0	1160	0	0	1161	0	1161	1161	1161	0	1166	0	1160	0	1160	4020000,4020013,4020012	1160,1161,1166	-251,-78
11102	Stage_StageNameId_10189	Stage_StageExplainId_10189	Stage_StageTargetTalk_2008	1,4	10,0	1	111	1	0	0	battle05	stage_xqnm03	11101			40000,51101,51100	0	61100	0	6	6	120	1129	0	0	0	20	3	0	1160	0	1160	1160	1160	0	1167	0	0	1168	0	0	1169	0	0	1170	0	4020000,4020013,4020012	1160,1167,1169	-493,-68
11103	Stage_StageNameId_10190	Stage_StageExplainId_10190	Stage_StageTargetTalk_2009	1,4	10,0	1	111	1	0	0	battle05	stage_xqnm03	11102			40000,51101,51100	0	61100	0	6	6	120	1135	0	0	0	20	3	1161	1161	1161	0	0	0	1160	0	0	1160	1160	0	1162	1162	1162	1162	1162	1162	4020000,4020013,4020012	1161,1160,1162	-484,52
11104	Stage_StageNameId_10191	Stage_StageExplainId_10191	Stage_StageTargetTalk_2000	1,4	10,0	2	111	1	0	0	battle05	stage_xqnm03	11103			40000,51101,51100	6:1,2:10,1:250000,4080005:10	61100	0	6	6	120	1141	0	0	0	20	3	0	1160	0	0	0	0	0	1160	0	0	0	0	0	0	0	1169	1171	1172	4020000,4020013,4020012	1160,1160,1169	-275,120
11105	Stage_StageNameId_10192	Stage_StageExplainId_10192	Stage_StageTargetTalk_2001	1,4	10,0	1	111	1	0	0	battle05	stage_xqnm03	11104			40000,51105,51100	0	61100	0	6	6	120	1147	0	0	0	20	3	1161	0	1161	0	1161	0	0	1160	0	1160	1160	1160	1161	1161	1161	1161	0	1161	4020000,4020015,4020011	1161,1160,1161	-101,34
11106	Stage_StageNameId_10193	Stage_StageExplainId_10193	Stage_StageTargetTalk_2002	1,4	10,0	1	111	1	0	0	battle05	stage_xqnm03	11105			40000,51105,51100	0	61100	0	6	6	120	1153	0	0	0	20	3	0	1162	0	1162	1162	1162	1160	1160	1160	0	1160	0	1173	0	1166	0	1174	0	4020000,4020015,4020011	1162,1160,1173	120,-130
11107	Stage_StageNameId_10194	Stage_StageExplainId_10194	Stage_StageTargetTalk_2003	1,4	10,0	2	111	1	0	0	battle05	stage_xqnm03	11106			40000,51105,51100	6:1,2:10,1:250000,4080005:10	61100	0	6	6	120	1159	0	0	0	20	3	1161	0	1161	1161	0	1161	0	1175	0	1162	1162	1162	0	1176	0	0	1177	0	4020000,4020015,4020011	1161,1175,1176	260,62
11108	Stage_StageNameId_10195	Stage_StageExplainId_10195	Stage_StageTargetTalk_2004	1,4	10,0	1	111	1	0	0	battle05	stage_xqnm03	11107			40000,51108,51100	0	61100	0	6	6	120	1165	0	0	0	20	3	0	1161	0	0	1161	0	0	1162	0	1162	0	1162	0	1160	0	1160	1160	1160	4020000,4020014,4020010	1161,1162,1160	28,82
11109	Stage_StageNameId_10196	Stage_StageExplainId_10196	Stage_StageTargetTalk_2005	1,4	10,0	1	111	1	0	0	battle05	stage_xqnm03	11108			40000,51108,51100	6:1,2:10,1:250000,4080005:10	61100	0	6	6	120	1171	0	0	0	20	3	0	1161	0	1161	0	1161	1162	1162	0	1162	1162	0	1178	1166	1179	0	0	0	4020000,4020014,4020010	1161,1162,1178	98,152
11110	Stage_StageNameId_10197	Stage_StageExplainId_10197	Stage_StageTargetTalk_2006	1,4	10,0	3	111	1	0	0	battle05	stage_xqnm03	11109			40000,51108,51100	0	61100	0	6	6	120	1177	0	0	0	20	1	0	1180	0	0	0	0	0	0	0	0	0	0	0	0	0	0	0	0	4020000,4020014,4020010	1180	327,152
11201	Stage_StageNameId_10198	Stage_StageExplainId_10198	Stage_StageTargetTalk_2007	1,4	10,0	1	112	1	0	0	battle06	stage_xqnm03	11110			40000,51201,51200	0	61200	0	6	6	150	1183	0	0	0	20	3	0	1181	0	1181	0	1181	1182	0	1182	1182	1182	1182	1181	1181	1181	1181	1181	1181	4020000,4020016,4020009	1181,1182,1181	-251,-78
11202	Stage_StageNameId_10199	Stage_StageExplainId_10199	Stage_StageTargetTalk_2008	1,4	10,0	1	112	1	0	0	battle06	stage_xqnm03	11201			40000,51201,51200	0	61200	0	6	6	150	1189	0	0	0	20	3	0	1182	0	1182	0	1182	1181	1181	1181	1181	1181	1181	0	1187	0	0	1188	0	4020000,4020016,4020009	1182,1181,1187	-493,-68
11203	Stage_StageNameId_10200	Stage_StageExplainId_10200	Stage_StageTargetTalk_2009	1,4	10,0	1	112	1	0	0	battle06	stage_xqnm03	11202			40000,51201,51200	0	61200	0	6	6	150	1195	0	0	0	20	3	1182	1182	1182	0	1182	0	1183	1183	1183	0	1183	0	0	1181	0	1181	1181	1181	4020000,4020016,4020009	1182,1183,1181	-484,52
11204	Stage_StageNameId_10201	Stage_StageExplainId_10201	Stage_StageTargetTalk_2000	1,4	10,0	2	112	1	0	0	battle06	stage_xqnm03	11203			40000,51201,51200	6:1,2:10,1:14000	61200	0	6	6	150	1201	0	0	0	20	3	0	0	1181	0	0	1181	0	1189	0	0	1190	0	0	1191	0	0	1192	0	4020000,4020016,4020009	1181,1189,1191	-275,120
11205	Stage_StageNameId_10202	Stage_StageExplainId_10202	Stage_StageTargetTalk_2001	1,4	10,0	1	112	1	0	0	battle06	stage_xqnm03	11204			40000,51205,51200	0	61200	0	6	6	150	1207	0	0	0	20	3	0	1182	0	0	1182	0	0	1181	0	1181	1181	1181	1183	1183	1183	0	1183	0	4020000,4020017,4020007	1182,1181,1183	-101,34
11206	Stage_StageNameId_10203	Stage_StageExplainId_10203	Stage_StageTargetTalk_2002	1,4	10,0	1	112	1	0	0	battle06	stage_xqnm03	11205			40000,51205,51200	0	61200	0	6	6	150	1213	0	0	0	20	3	1181	1181	1181	0	1181	0	1182	1193	1182	0	0	0	0	1194	0	0	1195	0	4020000,4020017,4020007	1181,1182,1194	120,-130
11207	Stage_StageNameId_10204	Stage_StageExplainId_10204	Stage_StageTargetTalk_2003	1,4	10,0	2	112	1	0	0	battle06	stage_xqnm03	11206			40000,51205,51200	6:1,2:10,1:14000	61200	0	6	6	150	1219	0	0	0	20	3	1183	1183	1183	1183	1183	1183	1181	0	1181	0	1181	0	0	1191	0	0	1196	0	4020000,4020017,4020007	1183,1181,1191	260,62
11208	Stage_StageNameId_10205	Stage_StageExplainId_10205	Stage_StageTargetTalk_2004	1,4	10,0	1	112	1	0	0	battle06	stage_xqnm03	11207			40000,51208,51200	0	61200	0	6	6	150	1225	0	0	0	20	3	1182	1182	1182	0	0	0	1183	1183	1183	0	0	0	1181	1181	1181	0	1181	0	4020000,4020018,4020008	1182,1183,1181	28,82
11209	Stage_StageNameId_10206	Stage_StageExplainId_10206	Stage_StageTargetTalk_2005	1,4	10,0	1	112	1	0	0	battle06	stage_xqnm03	11208			40000,51208,51200	6:1,2:10,1:14000	61200	0	6	6	150	1231	0	0	0	20	3	0	1192	0	0	0	0	0	1197	0	0	0	0	0	1198	0	0	0	0	4020000,4020018,4020008	1192,1197,1198	98,152
11210	Stage_StageNameId_10207	Stage_StageExplainId_10207	Stage_StageTargetTalk_2006	1,4	10,0	3	112	1	0	0	battle06	stage_xqnm03	11209			40000,51208,51200	0	61200	0	6	6	150	1237	0	0	0	20	3	0	1183	0	1181	1181	1181	1182	0	1182	0	0	0	0	1199	0	0	0	0	4020000,4020018,4020008	1183,1182,1199	327,152
11301	Stage_StageNameId_10208	Stage_StageExplainId_10208	Stage_StageTargetTalk_2007	1,4	10,0	1	113	1	0	0	battle01	stage_xqnm03	11210			40000,51301,51300	0	61300	0	6	6	175	1243	0	0	0	20	3	1200	1200	1200	0	0	0	0	1200	0	0	1200	0	0	1201	0	1201	0	1201	4020000,4020016	1200,1200,1201	-251,-78
11302	Stage_StageNameId_10209	Stage_StageExplainId_10209	Stage_StageTargetTalk_2008	1,4	10,0	1	113	1	0	0	battle01	stage_xqnm03	11301			40000,51301,51300	0	61300	0	6	6	175	1249	0	0	0	20	3	1200	1200	1200	0	1201	0	1201	1201	1201	0	0	0	1200	1206	1200	0	0	0	4020000,4020016	1200,1201,1200	-493,-68
11303	Stage_StageNameId_10210	Stage_StageExplainId_10210	Stage_StageTargetTalk_2009	1,4	10,0	1	113	1	0	0	battle01	stage_xqnm03	11302			40000,51301,51300	0	61300	0	6	6	175	1255	0	0	0	20	3	1201	0	1201	1201	0	1201	0	1200	0	1200	0	1200	1202	1202	1202	1202	1202	1202	4020000,4020016	1201,1200,1202	-484,52
11304	Stage_StageNameId_10211	Stage_StageExplainId_10211	Stage_StageTargetTalk_2000	1,4	10,0	2	113	1	0	0	battle01	stage_xqnm03	11303			40000,51301,51300	6:1,2:10,1:16000	61300	0	6	6	175	1261	0	0	0	20	3	0	1200	0	1200	0	1200	1201	0	1201	1201	1201	1201	0	1207	0	0	1208	0	4020000,4020016	1200,1201,1207	-275,120
11305	Stage_StageNameId_10212	Stage_StageExplainId_10212	Stage_StageTargetTalk_2001	1,4	10,0	1	113	1	0	0	battle01	stage_xqnm03	11304			40000,51305,51300	0	61300	0	6	6	175	1267	0	0	0	20	3	0	1202	0	1202	0	1202	1201	0	1201	1201	1201	1201	1200	0	1200	1200	0	1200	4020000,4020017	1202,1201,1200	-101,34
11306	Stage_StageNameId_10213	Stage_StageExplainId_10213	Stage_StageTargetTalk_2002	1,4	10,0	1	113	1	0	0	battle01	stage_xqnm03	11305			40000,51305,51300	0	61300	0	6	6	175	1273	0	0	0	20	3	0	0	0	1202	1202	1202	0	1201	0	0	1201	0	1209	1210	1211	0	0	0	4020000,4020017	1202,1201,1209	120,-130
11307	Stage_StageNameId_10214	Stage_StageExplainId_10214	Stage_StageTargetTalk_2003	1,4	10,0	2	113	1	0	0	battle01	stage_xqnm03	11306			40000,51305,51300	6:1,2:10,1:16000	61300	0	6	6	175	1279	0	0	0	20	3	1200	0	1200	1200	1200	1200	1202	0	1202	0	1202	0	1212	1213	1214	0	1215	0	4020000,4020017	1200,1202,1212	260,62
11308	Stage_StageNameId_10215	Stage_StageExplainId_10215	Stage_StageTargetTalk_2004	1,4	10,0	1	113	1	0	0	battle01	stage_xqnm03	11307			40000,51308,51300	0	61300	0	6	6	175	1285	0	0	0	20	3	1201	0	1201	1201	1201	1201	0	1200	0	1200	1200	1200	1202	1202	1202	1202	1202	1202	4020000,4020018	1201,1200,1202	28,82
11309	Stage_StageNameId_10216	Stage_StageExplainId_10216	Stage_StageTargetTalk_2005	1,4	10,0	1	113	1	0	0	battle01	stage_xqnm03	11308			40000,51308,51300	6:1,2:10,1:16000	61300	0	6	6	175	1291	0	0	0	20	3	0	1210	0	0	0	0	0	1212	0	0	0	0	1200	1200	1200	0	1216	0	4020000,4020018	1210,1212,1200	98,152
11310	Stage_StageNameId_10217	Stage_StageExplainId_10217	Stage_StageTargetTalk_2006	1,4	10,0	3	113	1	0	0	battle01	stage_xqnm03	11309			40000,51308,51300	0	61300	0	6	6	175	1297	0	0	0	20	3	1201	1201	1201	0	0	0	0	1217	0	0	1218	0	1202	1202	1202	0	1219	0	4020000,4020018	1201,1217,1202	327,152
11401	Stage_StageNameId_10218	Stage_StageExplainId_10218	Stage_StageTargetTalk_2007	1,4	10,0	1	114	1	0	0	battle06	stage_xqnm03	11310			40000,51401,51400	0	61400	0	6	6	200	1303	0	0	0	20	3	0	0	0	1220	1220	1220	0	1220	0	1220	0	1220	0	1221	0	1221	0	1221	4020000,4020019,4020012	1220,1220,1221	-251,-78
11402	Stage_StageNameId_10219	Stage_StageExplainId_10219	Stage_StageTargetTalk_2008	1,4	10,0	1	114	1	0	0	battle06	stage_xqnm03	11401			40000,51401,51400	0	61400	0	6	6	200	1309	0	0	0	20	3	0	1220	0	1220	0	1220	1221	1221	1221	0	0	0	1226	1227	1228	0	0	0	4020000,4020019,4020012	1220,1221,1226	-493,-68
11403	Stage_StageNameId_10220	Stage_StageExplainId_10220	Stage_StageTargetTalk_2009	1,4	10,0	1	114	1	0	0	battle06	stage_xqnm03	11402			40000,51401,51400	0	61400	0	6	6	200	1315	0	0	0	20	3	1221	0	1221	1221	0	1221	0	1220	0	0	1220	0	1222	1222	1222	1222	1222	1222	4020000,4020019,4020012	1221,1220,1222	-484,52
11404	Stage_StageNameId_10221	Stage_StageExplainId_10221	Stage_StageTargetTalk_2000	1,4	10,0	2	114	1	0	0	battle06	stage_xqnm03	11403			40000,51401,51400	6:1,2:10,1:18000	61400	0	6	6	200	1321	0	0	0	20	3	1222	1222	1222	0	0	0	0	1220	0	1220	1220	1220	0	1229	0	1230	0	1231	4020000,4020019,4020012	1222,1220,1229	-275,120
11405	Stage_StageNameId_10222	Stage_StageExplainId_10222	Stage_StageTargetTalk_2001	1,4	10,0	1	114	1	0	0	battle06	stage_xqnm03	11404			40000,51405,51400	0	61400	0	6	6	200	1327	0	0	0	20	3	0	1221	0	1221	0	1222	1222	0	1222	1222	1222	1222	1220	0	1220	1220	1220	1220	4020000,4020020,4020010	1221,1222,1220	-101,34
11406	Stage_StageNameId_10223	Stage_StageExplainId_10223	Stage_StageTargetTalk_2002	1,4	10,0	1	114	1	0	0	battle06	stage_xqnm03	11405			40000,51405,51400	0	61400	0	6	6	200	1333	0	0	0	20	3	0	0	0	1222	1222	1222	1221	1221	1221	0	1221	0	0	1232	0	0	1233	0	4020000,4020020,4020010	1222,1221,1232	120,-130
11407	Stage_StageNameId_10224	Stage_StageExplainId_10224	Stage_StageTargetTalk_2003	1,4	10,0	2	114	1	0	0	battle06	stage_xqnm03	11406			40000,51405,51400	6:1,2:10,1:18000	61400	0	6	6	200	1339	0	0	0	20	3	0	0	0	1220	1220	1220	1222	1222	1222	0	0	0	1234	1235	1236	0	0	0	4020000,4020020,4020010	1220,1222,1234	260,62
11408	Stage_StageNameId_10225	Stage_StageExplainId_10225	Stage_StageTargetTalk_2004	1,4	10,0	1	114	1	0	0	battle06	stage_xqnm03	11407			40000,51408,51400	0	61400	0	6	6	200	1345	0	0	0	20	3	1222	0	1221	1221	1221	1221	0	1222	0	1220	1220	1220	1222	1222	1222	0	1222	0	4020000,4020021,4020011	1222,1222,1222	28,82
11409	Stage_StageNameId_10226	Stage_StageExplainId_10226	Stage_StageTargetTalk_2005	1,4	10,0	1	114	1	0	0	battle06	stage_xqnm03	11408			40000,51408,51400	6:1,2:10,1:18000	61400	0	6	6	200	1351	0	0	0	20	3	1221	1221	1221	1221	0	0	1220	1220	1220	1220	1220	1220	0	0	0	1237	1238	1231	4020000,4020021,4020011	1221,1220,1237	98,152
11410	Stage_StageNameId_10227	Stage_StageExplainId_10227	Stage_StageTargetTalk_2006	1,4	10,0	3	114	1	0	0	battle06	stage_xqnm03	11409			40000,51408,51400	0	61400	0	6	6	200	1357	0	0	0	20	3	1222	1222	1222	0	0	0	1222	0	1222	1222	0	1222	0	1234	0	1231	0	1238	4020000,4020021,4020011	1222,1222,1234	327,152
11501	Stage_StageNameId_10228	Stage_StageExplainId_10228	Stage_StageTargetTalk_2007	1,4	10,0	1	115	1	0	0	battle03	stage_xqnm03	11410			40000,51501,51500	0	61500	0	6	6	235	1363	0	0	0	20	3	1239	0	1239	1239	0	1239	1239	1239	1239	0	0	0	0	0	0	0	1245	0	4020000,4020019	1239,1239,1245	-251,-78
11502	Stage_StageNameId_10229	Stage_StageExplainId_10229	Stage_StageTargetTalk_2008	1,4	10,0	1	115	1	0	0	battle03	stage_xqnm03	11501			40000,51501,51500	0	61500	0	6	6	235	1369	0	0	0	20	3	1240	1240	1240	0	1240	0	1239	1239	0	1239	1239	0	1240	1240	1240	0	0	0	4020000,4020019	1240,1239,1240	-493,-68
11503	Stage_StageNameId_10230	Stage_StageExplainId_10230	Stage_StageTargetTalk_2009	1,4	10,0	1	115	1	0	0	battle03	stage_xqnm03	11502			40000,51501,51500	0	61500	0	6	6	235	1375	0	0	0	20	3	0	1239	0	0	1239	0	1241	0	1241	0	0	0	1246	1247	1248	0	0	0	4020000,4020019	1239,1241,1246	-484,52
11504	Stage_StageNameId_10231	Stage_StageExplainId_10231	Stage_StageTargetTalk_2000	1,4	10,0	2	115	1	0	0	battle03	stage_xqnm03	11503			40000,51501,51500	6:1,2:10,1:30000	61500	0	6	6	235	1381	0	0	0	20	3	1240	1240	1240	0	0	0	1241	0	1239	1239	1239	1239	0	1249	0	0	0	0	4020000,4020019	1240,1241,1249	-275,120
11505	Stage_StageNameId_10232	Stage_StageExplainId_10232	Stage_StageTargetTalk_2001	1,4	10,0	1	115	1	0	0	battle03	stage_xqnm03	11504			40000,51505,51500	0	61500	0	6	6	235	1387	0	0	0	20	3	1241	0	1241	1241	0	0	1240	0	1240	0	1240	0	1239	1239	1239	0	1239	0	4020000,4020020	1241,1240,1239	-101,34
11506	Stage_StageNameId_10233	Stage_StageExplainId_10233	Stage_StageTargetTalk_2002	1,4	10,0	1	115	1	0	0	battle03	stage_xqnm03	11505			40000,51505,51500	0	61500	0	6	6	235	1393	0	0	0	20	3	0	1241	0	0	1241	0	0	1240	1240	0	1240	1240	1249	1250	1247	0	0	0	4020000,4020020	1241,1240,1249	120,-130
11507	Stage_StageNameId_10234	Stage_StageExplainId_10234	Stage_StageTargetTalk_2003	1,4	10,0	2	115	1	0	0	battle03	stage_xqnm03	11506			40000,51505,51500	6:1,2:10,1:30000	61500	0	6	6	235	1399	0	0	0	20	3	1241	0	1241	0	0	0	1239	0	1239	0	1239	0	0	1251	0	0	1252	0	4020000,4020020	1241,1239,1251	260,62
11508	Stage_StageNameId_10235	Stage_StageExplainId_10235	Stage_StageTargetTalk_2004	1,4	10,0	1	115	1	0	0	battle03	stage_xqnm03	11507			40000,51508,51500	0	61500	0	6	6	235	1405	0	0	0	20	3	1239	1239	1239	0	0	0	0	1240	0	1240	1240	1240	1241	1241	1241	0	1241	0	4020000,4020021	1239,1240,1241	28,82
11509	Stage_StageNameId_10236	Stage_StageExplainId_10236	Stage_StageTargetTalk_2005	1,4	10,0	1	115	1	0	0	battle03	stage_xqnm03	11508			40000,51508,51500	6:1,2:10,1:30000	61500	0	6	6	235	1411	0	0	0	20	3	1239	1239	1239	0	0	0	1241	1241	1241	0	1241	0	0	0	0	0	1253	0	4020000,4020021	1239,1241,1253	98,152
11510	Stage_StageNameId_10237	Stage_StageExplainId_10237	Stage_StageTargetTalk_2006	1,4	10,0	3	115	1	0	0	battle03	stage_xqnm03	11509			40000,51508,51500	0	61500	0	6	6	235	1417	0	0	0	20	3	0	1249	0	0	0	0	0	0	0	0	1254	0	0	0	0	0	1255	0	4020000,4020021	1049,1254,1255	327,152
11601	Stage_StageNameId_10238	Stage_StageExplainId_10238	Stage_StageTargetTalk_2007	1,4	10,0	1	116	1	0	0	battle04	stage_xqnm03	11510			40000,51601,51600	0	61600	0	6	6	270	1423	0	0	0	20	3	1256	1256	1256	0	0	0	0	1256	0	1256	0	1256	1257	1257	1257	1257	1257	1257	4020000,4020022,4020015	1256,1256,1257	-251,-78
11602	Stage_StageNameId_10239	Stage_StageExplainId_10239	Stage_StageTargetTalk_2008	1,4	10,0	1	116	1	0	0	battle04	stage_xqnm03	11601			40000,51601,51600	0	61600	0	6	6	270	1429	0	0	0	20	3	0	1262	0	0	0	0	0	1263	0	0	0	0	0	1264	0	0	0	0	4020000,4020022,4020015	1262,1263,1264	-493,-68
11603	Stage_StageNameId_10240	Stage_StageExplainId_10240	Stage_StageTargetTalk_2009	1,4	10,0	1	116	1	0	0	battle04	stage_xqnm03	11602			40000,51601,51600	0	61600	0	6	6	270	1435	0	0	0	20	3	0	1256	0	1256	1256	1256	1257	1257	0	1257	1257	0	1258	0	1258	1258	0	1258	4020000,4020022,4020015	1256,1257,1258	-484,52
11604	Stage_StageNameId_10241	Stage_StageExplainId_10241	Stage_StageTargetTalk_2000	1,4	10,0	2	116	1	0	0	battle04	stage_xqnm03	11603			40000,51601,51600	6:1,2:10,1:32000	61600	0	6	6	270	1441	0	0	0	20	3	1257	1257	0	1257	1257	0	1256	0	1256	0	1265	0	0	1266	0	0	1267	0	4020000,4020022,4020015	1257,1256,1266	-275,120
11605	Stage_StageNameId_10242	Stage_StageExplainId_10242	Stage_StageTargetTalk_2001	1,4	10,0	1	116	1	0	0	battle04	stage_xqnm03	11604			40000,51605,51600	0	61600	0	6	6	270	1447	0	0	0	20	3	1258	1258	1257	0	0	0	1258	0	1258	1258	0	1258	1256	1256	1256	1256	1256	1256	4020000,4020023,4020013	1258,1258,1256	-101,34
11606	Stage_StageNameId_10243	Stage_StageExplainId_10243	Stage_StageTargetTalk_2002	1,4	10,0	1	116	1	0	0	battle04	stage_xqnm03	11605			40000,51605,51600	0	61600	0	6	6	270	1453	0	0	0	20	3	1258	1258	1258	0	1258	0	1268	0	1265	0	0	0	0	1269	0	0	1270	0	4020000,4020023,4020013	1258,1268,1269	120,-130
11607	Stage_StageNameId_10244	Stage_StageExplainId_10244	Stage_StageTargetTalk_2003	1,4	10,0	2	116	1	0	0	battle04	stage_xqnm03	11606			40000,51605,51600	6:1,2:10,1:32000	61600	0	6	6	270	1459	0	0	0	20	3	0	1256	1256	0	1256	1256	0	1257	0	1257	1257	1257	0	1258	1258	1258	1258	0	4020000,4020023,4020013	1256,1257,1258	260,62
11608	Stage_StageNameId_10245	Stage_StageExplainId_10245	Stage_StageTargetTalk_2004	1,4	10,0	1	116	1	0	0	battle04	stage_xqnm03	11607			40000,51608,51600	0	61600	0	6	6	270	1465	0	0	0	20	3	0	1271	0	0	0	0	0	1266	0	0	0	0	0	1272	0	0	0	0	4020000,4020024,4020014	1271,1266,1272	28,82
11609	Stage_StageNameId_10246	Stage_StageExplainId_10246	Stage_StageTargetTalk_2005	1,4	10,0	1	116	1	0	0	battle04	stage_xqnm03	11608			40000,51608,51600	6:1,2:10,1:32000	61600	0	6	6	270	1471	0	0	0	20	3	0	1273	0	0	0	0	0	1274	0	0	0	0	0	1275	0	0	0	0	4020000,4020024,4020014	1273,1274,1275	98,152
11610	Stage_StageNameId_10247	Stage_StageExplainId_10247	Stage_StageTargetTalk_2006	1,4	10,0	3	116	1	0	0	battle04	stage_xqnm03	11609			40000,51608,51600	0	61600	0	6	6	270	1477	0	0	0	20	3	0	1276	0	0	0	0	0	1277	0	0	0	0	0	1278	0	0	0	0	4020000,4020024,4020014	1276,1277,1278	327,152
11701	Stage_StageNameId_10248	Stage_StageExplainId_10248	Stage_StageTargetTalk_2007	1,4	10,0	1	117	1	0	0	battle05	stage_xqnm03	11610			40000,51701,51700	0	61700	0	6	6	305	1483	0	0	0	20	3	0	1279	0	1279	0	1279	1280	0	1279	1279	1279	1279	1280	1280	1280	1280	1280	1280	4020000,4020022	1279,1280,1280	-251,-78
11702	Stage_StageNameId_10249	Stage_StageExplainId_10249	Stage_StageTargetTalk_2008	1,4	10,0	1	117	1	0	0	battle05	stage_xqnm03	11701			40000,51701,51700	0	61700	0	6	6	305	1489	0	0	0	20	3	0	1279	0	1279	0	1279	1280	1280	1280	1281	1281	1281	0	1285	0	0	1286	0	4020000,4020022	1279,1280,1285	-493,-68
11703	Stage_StageNameId_10250	Stage_StageExplainId_10250	Stage_StageTargetTalk_2009	1,4	10,0	1	117	1	0	0	battle05	stage_xqnm03	11702			40000,51701,51700	0	61700	0	6	6	305	1495	0	0	0	20	3	1281	1281	1281	0	1281	0	1279	1279	1279	0	1279	0	0	1280	0	1280	1280	1280	4020000,4020022	1281,1279,1280	-484,52
11704	Stage_StageNameId_10251	Stage_StageExplainId_10251	Stage_StageTargetTalk_2000	1,4	10,0	2	117	1	0	0	battle05	stage_xqnm03	11703			40000,51701,51700	6:1,2:10,1:34000	61700	0	6	6	305	1501	0	0	0	20	3	0	0	1281	0	0	1281	0	1287	0	0	1288	0	0	1289	0	0	1290	0	4020000,4020022	1281,1287,1289	-275,120
11705	Stage_StageNameId_10252	Stage_StageExplainId_10252	Stage_StageTargetTalk_2001	1,4	10,0	1	117	1	0	0	battle05	stage_xqnm03	11704			40000,51705,51700	0	61700	0	6	6	305	1507	0	0	0	20	3	0	1280	0	0	1280	0	0	1281	0	1281	1281	1281	1279	1279	1279	0	1279	0	4020000,4020023	1280,1281,1279	-101,34
11706	Stage_StageNameId_10253	Stage_StageExplainId_10253	Stage_StageTargetTalk_2002	1,4	10,0	1	117	1	0	0	battle05	stage_xqnm03	11705			40000,51705,51700	0	61700	0	6	6	305	1513	0	0	0	20	3	1281	1281	1281	0	1281	0	1280	1291	1280	0	0	0	0	1292	0	0	1293	0	4020000,4020023	1281,1280,1292	120,-130
11707	Stage_StageNameId_10254	Stage_StageExplainId_10254	Stage_StageTargetTalk_2003	1,4	10,0	2	117	1	0	0	battle05	stage_xqnm03	11706			40000,51705,51700	6:1,2:10,1:34000	61700	0	6	6	305	1519	0	0	0	20	3	1279	1279	1279	1279	1279	1279	1281	0	1281	0	1281	0	0	1289	0	0	1294	0	4020000,4020023	1279,1281,1289	260,62
11708	Stage_StageNameId_10255	Stage_StageExplainId_10255	Stage_StageTargetTalk_2004	1,4	10,0	1	117	1	0	0	battle05	stage_xqnm03	11707			40000,51708,51700	0	61700	0	6	6	305	1525	0	0	0	20	3	1280	1280	1280	0	0	0	1279	1279	1279	0	0	0	1281	1281	1281	0	1280	0	4020000,4020024	1280,1279,1281	28,82
11709	Stage_StageNameId_10256	Stage_StageExplainId_10256	Stage_StageTargetTalk_2005	1,4	10,0	1	117	1	0	0	battle05	stage_xqnm03	11708			40000,51708,51700	6:1,2:10,1:34000	61700	0	6	6	305	1531	0	0	0	20	3	0	1290	0	0	0	0	0	1295	0	0	0	0	0	1296	0	0	0	0	4020000,4020024	1290,1295,1296	98,152
11710	Stage_StageNameId_10257	Stage_StageExplainId_10257	Stage_StageTargetTalk_2006	1,4	10,0	3	117	1	0	0	battle05	stage_xqnm03	11709			40000,51708,51700	0	61700	0	6	6	305	1537	0	0	0	20	3	0	1281	0	1281	1281	1281	1280	0	1280	0	0	0	0	1297	0	0	0	0	4020000,4020024	1281,1280,1297	327,152
11801	Stage_StageNameId_10258	Stage_StageExplainId_10258	Stage_StageTargetTalk_2007	1,4	10,0	1	118	1	0	0	battle06	stage_xqnm03	11710			40000,51801,51800	0	61800	0	6	6	340	1543	0	0	0	20	3	1298	1298	1298	0	0	0	0	1298	0	0	1298	0	0	1299	0	1299	0	1299	4020000,4020025,4020018	1298,1298,1299	-251,-78
11802	Stage_StageNameId_10259	Stage_StageExplainId_10259	Stage_StageTargetTalk_2008	1,4	10,0	1	118	1	0	0	battle06	stage_xqnm03	11801			40000,51801,51800	0	61800	0	6	6	340	1549	0	0	0	20	3	1299	1299	1299	0	1298	0	1298	1298	1298	0	0	0	1300	1304	1300	0	0	0	4020000,4020025,4020018	1299,1298,1300	-493,-68
11803	Stage_StageNameId_10260	Stage_StageExplainId_10260	Stage_StageTargetTalk_2009	1,4	10,0	1	118	1	0	0	battle06	stage_xqnm03	11802			40000,51801,51800	0	61800	0	6	6	340	1555	0	0	0	20	3	1298	0	1298	1298	0	1298	0	1300	0	1299	0	1299	1300	1300	1300	1299	1299	1299	4020000,4020025,4020018	1298,1300,1300	-484,52
11804	Stage_StageNameId_10261	Stage_StageExplainId_10261	Stage_StageTargetTalk_2000	1,4	10,0	2	118	1	0	0	battle06	stage_xqnm03	11803			40000,51801,51800	6:1,2:10,1:36000	61800	0	6	6	340	1561	0	0	0	20	3	0	1300	0	1299	0	1299	1298	0	1298	1300	1300	1300	0	1305	0	0	1306	0	4020000,4020025,4020018	1300,1298,1305	-275,120
11805	Stage_StageNameId_10262	Stage_StageExplainId_10262	Stage_StageTargetTalk_2001	1,4	10,0	1	118	1	0	0	battle06	stage_xqnm03	11804			40000,51805,51800	0	61800	0	6	6	340	1567	0	0	0	20	3	0	1299	0	1300	0	1300	1299	0	1299	1298	1298	1298	1298	0	1300	1300	0	1300	4020000,4020026,4020016	1299,1299,1298	-101,34
11806	Stage_StageNameId_10263	Stage_StageExplainId_10263	Stage_StageTargetTalk_2002	1,4	10,0	1	118	1	0	0	battle06	stage_xqnm03	11805			40000,51805,51800	0	61800	0	6	6	340	1573	0	0	0	20	3	0	0	0	1299	1299	1299	0	1300	0	0	1298	0	1307	1308	1309	0	0	0	4020000,4020026,4020016	1299,1300,1307	120,-130
11807	Stage_StageNameId_10264	Stage_StageExplainId_10264	Stage_StageTargetTalk_2003	1,4	10,0	2	118	1	0	0	battle06	stage_xqnm03	11806			40000,51805,51800	6:1,2:10,1:36000	61800	0	6	6	340	1579	0	0	0	20	3	1299	0	1299	1298	1298	1298	1300	0	1300	0	1300	0	1310	1311	1312	0	1313	0	4020000,4020026,4020016	1299,1300,1310	260,62
11808	Stage_StageNameId_10265	Stage_StageExplainId_10265	Stage_StageTargetTalk_2004	1,4	10,0	1	118	1	0	0	battle06	stage_xqnm03	11807			40000,51808,51800	0	61800	0	6	6	340	1585	0	0	0	20	3	1300	0	1298	1300	1300	1300	0	1300	0	1299	1299	1299	1298	1298	1298	1300	1300	1300	4020000,4020027,4020017	1300,1300,1298	28,82
11809	Stage_StageNameId_10266	Stage_StageExplainId_10266	Stage_StageTargetTalk_2005	1,4	10,0	1	118	1	0	0	battle06	stage_xqnm03	11808			40000,51808,51800	6:1,2:10,1:36000	61800	0	6	6	340	1591	0	0	0	20	3	0	1308	0	0	0	0	0	1310	0	0	0	0	1299	1299	1299	0	1314	0	4020000,4020027,4020017	1308,1310,1299	98,152
11810	Stage_StageNameId_10267	Stage_StageExplainId_10267	Stage_StageTargetTalk_2006	1,4	10,0	3	118	1	0	0	battle06	stage_xqnm03	11809			40000,51808,51800	0	61800	0	6	6	340	1597	0	0	0	20	3	1298	1298	1298	0	0	0	0	1315	0	0	1316	0	1300	1300	1300	0	1317	0	4020000,4020027,4020017	1298,1315,1300	327,152
11901	Stage_StageNameId_10268	Stage_StageExplainId_10268	Stage_StageTargetTalk_2007	1,4	10,0	1	119	1	0	0	battle01	stage_xqnm03	11810			40000,51901,51900	0	61900	0	6	6	385	1603	0	0	0	20	3	0	0	0	1318	1318	1318	0	1318	0	1319	0	1319	0	1319	0	1318	0	1318	4020000,4020028	1318,1318,1319	-251,-78
11902	Stage_StageNameId_10269	Stage_StageExplainId_10269	Stage_StageTargetTalk_2008	1,4	10,0	1	119	1	0	0	battle01	stage_xqnm03	11901			40000,51901,51900	0	61900	0	6	6	385	1609	0	0	0	20	3	0	1319	0	1319	0	1319	1318	1318	1318	0	0	0	1324	1325	1326	0	0	0	4020000,4020028	1319,1318,1324	-493,-68
11903	Stage_StageNameId_10270	Stage_StageExplainId_10270	Stage_StageTargetTalk_2009	1,4	10,0	1	119	1	0	0	battle01	stage_xqnm03	11902			40000,51901,51900	0	61900	0	6	6	385	1615	0	0	0	20	3	1319	0	1319	1320	0	1320	0	1318	0	0	1320	0	1319	1319	1319	1320	1320	1320	4020000,4020028	1319,1318,1319	-484,52
11904	Stage_StageNameId_10271	Stage_StageExplainId_10271	Stage_StageTargetTalk_2000	1,4	10,0	2	119	1	0	0	battle01	stage_xqnm03	11903			40000,51901,51900	6:1,2:10,1:38000	61900	0	6	6	385	1621	0	0	0	20	3	1318	1318	1318	0	0	0	0	1319	0	1320	1320	1320	0	1327	0	1328	0	1329	4020000,4020028	1318,1319,1327	-275,120
11905	Stage_StageNameId_10272	Stage_StageExplainId_10272	Stage_StageTargetTalk_2001	1,4	10,0	1	119	1	0	0	battle01	stage_xqnm03	11904			40000,51905,51900	0	61900	0	6	6	385	1627	0	0	0	20	3	0	1319	0	1318	0	1318	1319	0	1319	1318	1318	1318	1319	0	1319	1320	1320	1320	4020000,4020029	1319,1319,1319	-101,34
11906	Stage_StageNameId_10273	Stage_StageExplainId_10273	Stage_StageTargetTalk_2002	1,4	10,0	1	119	1	0	0	battle01	stage_xqnm03	11905			40000,51905,51900	0	61900	0	6	6	385	1633	0	0	0	20	3	0	0	0	1320	1320	1320	1318	1318	1318	0	1320	0	0	1330	0	0	1331	0	4020000,4020029	1320,1318,1330	120,-130
11907	Stage_StageNameId_10274	Stage_StageExplainId_10274	Stage_StageTargetTalk_2003	1,4	10,0	2	119	1	0	0	battle01	stage_xqnm03	11906			40000,51905,51900	6:1,2:10,1:38000	61900	0	6	6	385	1639	0	0	0	20	3	0	0	0	1320	1320	1320	1319	1319	1319	0	0	0	1332	1333	1334	0	0	0	4020000,4020029	1320,1319,1332	260,62
11908	Stage_StageNameId_10275	Stage_StageExplainId_10275	Stage_StageTargetTalk_2004	1,4	10,0	1	119	1	0	0	battle01	stage_xqnm03	11907			40000,51908,51900	0	61900	0	6	6	385	1645	0	0	0	20	3	1319	0	1319	1318	1318	1318	0	1319	0	1320	1320	1320	1318	1318	1318	0	1320	0	4020000,4020030	1319,1319,1318	28,82
11909	Stage_StageNameId_10276	Stage_StageExplainId_10276	Stage_StageTargetTalk_2005	1,4	10,0	1	119	1	0	0	battle01	stage_xqnm03	11908			40000,51908,51900	6:1,2:10,1:38000	61900	0	6	6	385	1651	0	0	0	20	3	1319	1319	1319	1320	0	0	1319	1319	1319	1318	1318	1318	0	0	0	1335	1336	1329	4020000,4020030	1319,1319,1335	98,152
11910	Stage_StageNameId_10277	Stage_StageExplainId_10277	Stage_StageTargetTalk_2006	1,4	10,0	3	119	1	0	0	battle01	stage_xqnm03	11909			40000,51908,51900	0	61900	0	6	6	385	1657	0	0	0	20	3	1319	1319	1319	0	0	0	1318	0	1318	1320	0	1320	0	1332	0	1329	0	1336	4020000,4020030	1319,1318,1332	327,152
12001	Stage_StageNameId_10278	Stage_StageExplainId_10278	Stage_StageTargetTalk_2007	1,4	10,0	1	120	1	0	0	battle06	stage_xqnm03	11910			40000,52001,52000	0	62000	0	6	6	430	1663	0	0	0	20	3	1337	0	1337	1337	0	1337	1338	1338	1338	0	0	0	0	0	0	0	1343	0	4020000,4020031,4020021	1337,1338,1343	-251,-78
12002	Stage_StageNameId_10279	Stage_StageExplainId_10279	Stage_StageTargetTalk_2008	1,4	10,0	1	120	1	0	0	battle06	stage_xqnm03	12001			40000,52001,52000	0	62000	0	6	6	430	1669	0	0	0	20	3	1337	1337	1337	0	1338	0	1339	1339	0	1338	1338	0	1337	1337	1337	0	0	0	4020000,4020031,4020021	1337,1339,1337	-493,-68
12003	Stage_StageNameId_10280	Stage_StageExplainId_10280	Stage_StageTargetTalk_2009	1,4	10,0	1	120	1	0	0	battle06	stage_xqnm03	12002			40000,52001,52000	0	62000	0	6	6	430	1675	0	0	0	20	3	0	1339	0	0	1338	0	1337	0	1337	0	0	0	1344	1345	1346	0	0	0	4020000,4020031,4020021	1339,1337,1344	-484,52
12004	Stage_StageNameId_10281	Stage_StageExplainId_10281	Stage_StageTargetTalk_2000	1,4	10,0	2	120	1	0	0	battle06	stage_xqnm03	12003			40000,52001,52000	6:1,2:10,1:40000	62000	0	6	6	430	1681	0	0	0	20	3	1339	1339	1339	0	0	0	1337	0	1337	1338	1338	1338	0	1347	0	0	0	0	4020000,4020031,4020021	1339,1337,1347	-275,120
12005	Stage_StageNameId_10282	Stage_StageExplainId_10282	Stage_StageTargetTalk_2001	1,4	10,0	1	120	1	0	0	battle06	stage_xqnm03	12004			40000,52005,52000	0	62000	0	6	6	430	1687	0	0	0	20	3	1339	0	1339	1338	0	0	1337	0	1337	0	1338	0	1339	1339	1339	0	1337	0	4020000,4020032,4020019	1339,1337,1339	-101,34
12006	Stage_StageNameId_10283	Stage_StageExplainId_10283	Stage_StageTargetTalk_2002	1,4	10,0	1	120	1	0	0	battle06	stage_xqnm03	12005			40000,52005,52000	0	62000	0	6	6	430	1693	0	0	0	20	3	0	1339	0	0	1338	0	0	1339	1339	0	1337	1337	1347	1348	1345	0	0	0	4020000,4020032,4020019	1339,1339,1347	120,-130
12007	Stage_StageNameId_10284	Stage_StageExplainId_10284	Stage_StageTargetTalk_2003	1,4	10,0	2	120	1	0	0	battle06	stage_xqnm03	12006			40000,52005,52000	6:1,2:10,1:40000	62000	0	6	6	430	1699	0	0	0	20	3	1339	0	1339	0	0	0	1337	0	1337	0	1338	0	0	1349	0	0	1350	0	4020000,4020032,4020019	1339,1337,1349	260,62
12008	Stage_StageNameId_10285	Stage_StageExplainId_10285	Stage_StageTargetTalk_2004	1,4	10,0	1	120	1	0	0	battle06	stage_xqnm03	12007			40000,52008,52000	0	62000	0	6	6	430	1705	0	0	0	20	3	1339	1339	1339	0	0	0	0	1337	0	1338	1338	1338	1339	1339	1339	0	1338	0	4020000,4020033,4020020	1339,1337,1339	28,82
12009	Stage_StageNameId_10286	Stage_StageExplainId_10286	Stage_StageTargetTalk_2005	1,4	10,0	1	120	1	0	0	battle06	stage_xqnm03	12008			40000,52008,52000	6:1,2:10,1:40000	62000	0	6	6	430	1711	0	0	0	20	3	1337	1337	1337	0	0	0	1339	1339	1339	0	1337	0	0	0	0	0	1351	0	4020000,4020033,4020020	1337,1339,1351	98,152
12010	Stage_StageNameId_10287	Stage_StageExplainId_10287	Stage_StageTargetTalk_2006	1,4	10,0	3	120	1	0	0	battle06	stage_xqnm03	12009			40000,52008,52000	0	62000	0	6	6	430	1717	0	0	0	20	3	0	1347	0	0	0	0	0	0	0	0	1352	0	0	0	0	0	1353	0	4020000,4020033,4020020	1347,1352,1353	327,152
12101	Stage_StageNameId_10288	Stage_StageExplainId_10288	Stage_StageTargetTalk_2007	1,4	10,0	1	121	1	0	0	battle03	stage_xqnm03	12010			40000,52001,52000	0	62000	0	6	6	470	1723	0	0	0	20	3	1354	1354	1354	0	0	0	0	1355	0	1355	0	0	0	1354	0	1355	0	1355	4020000,4020031,4020021	1354,1355,1354	-251,-78
12102	Stage_StageNameId_10289	Stage_StageExplainId_10289	Stage_StageTargetTalk_2008	1,4	10,0	1	121	1	0	0	battle03	stage_xqnm03	12101			40000,52001,52000	0	62000	0	6	6	470	1729	0	0	0	20	3	1356	1356	1356	0	1355	0	1354	1354	1354	0	0	0	1356	1360	1356	0	0	0	4020000,4020031,4020021	1356,1354,1356	-493,-68
12103	Stage_StageNameId_10290	Stage_StageExplainId_10290	Stage_StageTargetTalk_2009	1,4	10,0	1	121	1	0	0	battle03	stage_xqnm03	12102			40000,52001,52000	0	62000	0	6	6	470	1735	0	0	0	20	3	1356	0	1356	1354	0	1354	0	1356	0	0	1355	0	0	1361	0	0	0	0	4020000,4020031,4020021	1356,1356,1361	-484,52
12104	Stage_StageNameId_10291	Stage_StageExplainId_10291	Stage_StageTargetTalk_2000	1,4	10,0	2	121	1	0	0	battle03	stage_xqnm03	12103			40000,52001,52000	6:1,2:10,1:40000	62000	0	6	6	470	1741	0	0	0	20	3	1354	1354	1354	0	0	0	0	1356	0	1355	1355	1355	0	1362	0	0	1360	0	4020000,4020031,4020021	1354,1356,1362	-275,120
12105	Stage_StageNameId_10292	Stage_StageExplainId_10292	Stage_StageTargetTalk_2001	1,4	10,0	1	121	1	0	0	battle03	stage_xqnm03	12104			40000,52005,52000	0	62000	0	6	6	470	1747	0	0	0	20	3	0	1356	0	1355	0	1355	1354	0	1354	1355	1355	1355	1356	0	1356	1354	1354	1354	4020000,4020032,4020019	1356,1354,1356	-101,34
12106	Stage_StageNameId_10293	Stage_StageExplainId_10293	Stage_StageTargetTalk_2002	1,4	10,0	1	121	1	0	0	battle03	stage_xqnm03	12105			40000,52005,52000	0	62000	0	6	6	470	1753	0	0	0	20	3	0	0	0	1355	1355	1355	0	1354	0	0	1355	0	1361	1363	1364	0	0	0	4020000,4020032,4020019	1355,1354,1361	120,-130
12107	Stage_StageNameId_10294	Stage_StageExplainId_10294	Stage_StageTargetTalk_2003	1,4	10,0	2	121	1	0	0	battle03	stage_xqnm03	12106			40000,52005,52000	6:1,2:10,1:40000	62000	0	6	6	470	1759	0	0	0	20	3	0	1354	1354	1355	1355	1355	1356	0	1356	0	1355	0	1354	1354	1354	0	1365	0	4020000,4020032,4020019	1354,1356,1354	260,62
12108	Stage_StageNameId_10295	Stage_StageExplainId_10295	Stage_StageTargetTalk_2004	1,4	10,0	1	121	1	0	0	battle03	stage_xqnm03	12107			40000,52008,52000	0	62000	0	6	6	470	1765	0	0	0	20	3	1356	0	1356	1354	1354	1354	0	1354	0	1355	1355	1355	1356	1356	1356	0	1355	0	4020000,4020033,4020020	1356,1354,1356	28,82
12109	Stage_StageNameId_10296	Stage_StageExplainId_10296	Stage_StageTargetTalk_2005	1,4	10,0	1	121	1	0	0	battle03	stage_xqnm03	12108			40000,52008,52000	6:1,2:10,1:40000	62000	0	6	6	470	1771	0	0	0	20	3	1354	1354	1354	1356	0	0	1356	1356	1356	1354	1354	1354	1354	1354	1354	0	1366	0	4020000,4020033,4020020	1354,1356,1354	98,152
12110	Stage_StageNameId_10297	Stage_StageExplainId_10297	Stage_StageTargetTalk_2006	1,4	10,0	3	121	1	0	0	battle03	stage_xqnm03	12109			40000,52008,52000	0	62000	0	6	6	470	1777	0	0	0	20	3	1356	1356	1356	1356	0	0	1354	1354	1354	1355	1355	1355	0	1367	0	0	0	0	4020000,4020033,4020020	1356,1354,1367	327,152
20101	Stage_StageNameId_20101		Stage_StageTargetTalk_2000	2,4	30,0	1	201	1	0	3	battle01	stage_xqnm03	10101	0	0	75000,80100,80101,75001	4070028:2,6:1,2:20,1:12000	70100	0	12	12	25	600	0	0	19000	20	2	1368	1368	1368	0	0	0	0	1374	0	1368	1368	1368	0	0	0	0	0	0	4070028,4030001,4020000	1368,1374	-357,130
20102	Stage_StageNameId_20102		Stage_StageTargetTalk_2001	2,4	30,0	1	201	1	0	3	battle01	stage_xqnm03	10102,20101	0	0	75000,80100,80102,75001	4070005:2,6:1,2:20,1:2000	70100	0	12	12	25	613	0	0	19100	20	2	1368	1368	1368	0	0	0	1375	0	1376	0	1009	0	0	0	0	0	0	0	4030001,4020000	1368,1375	80,-125
20103	Stage_StageNameId_20103		Stage_StageTargetTalk_2002	2,4	30,0	1	201	1	0	3	battle01	stage_xqnm03	10103,20102	0	0	75000,80100,80103,75001	4070018:2,6:1,2:20,1:2000	70100	0	12	12	25	625	0	0	19200	20	2	1368	0	1368	0	1368	0	0	1377	0	1368	1368	1368	0	0	0	0	0	0	4070018,4030001,4020000	1368,1377	336,145
20201	Stage_StageNameId_20201		Stage_StageTargetTalk_2003	2,4	30,0	1	202	1	0	3	battle06	stage_xqnm03	10202,20103	0	0	75000,80100,75002,80201	4030001:2,6:1,2:20,1:2000	70200	0	12	12	30	637	0	0	19300	20	2	1378	1378	1378	1378	1378	1378	1378	1378	1378	1384	0	1385	0	0	0	0	0	0	4030001,4020000	1378,1378	-95,-195
20202	Stage_StageNameId_20202		Stage_StageTargetTalk_2004	2,4	30,0	1	202	1	0	3	battle06	stage_xqnm03	10204,20201	0	0	75000,80100,75002,80202	4070002:2,6:1,2:20,1:2000	70200	0	12	12	30	649	0	0	19400	20	2	1378	0	1378	1378	0	1378	0	1386	0	0	1387	0	0	0	0	0	0	0	4070002,4030001,4020000	1378,1386	-455,-50
20203	Stage_StageNameId_20203		Stage_StageTargetTalk_2005	2,4	30,0	1	202	1	0	3	battle06	stage_xqnm03	10206,20202	0	0	75000,80100,75002,80203	4030001:2,6:1,2:20,1:2000	70200	0	12	12	30	661	0	0	19500	20	2	1378	1378	1378	1378	1378	1378	0	1388	0	0	1389	0	0	0	0	0	0	0	4030001,4020000	1378,1388	-357,130
20204	Stage_StageNameId_20204		Stage_StageTargetTalk_2006	2,4	30,0	3	202	1	0	3	battle06	stage_xqnm03	10208,20203	0	0	75000,80100,75002,80204	4070001:2,6:1,2:20,1:2000	70200	0	12	12	30	673	0	0	19600	20	2	0	1378	0	1378	1378	1378	1390	1391	1386	0	0	0	0	0	0	0	0	0	4070001,4030001,4020000	1378,1390	-156,93
20301	Stage_StageNameId_20301		Stage_StageTargetTalk_2001	2,4	30,0	1	203	1	0	3	battle03	stage_xqnm03	10302,20204	0	0	75000,80100,75003,80301	4030002:2,6:1,2:20,1:2000	70300	0	12	12	35	685	0	0	19700	20	3	1392	1392	1392	1392	1392	1392	1392	1392	1392	1392	1392	1392	1392	1392	1392	1392	1392	1392	4030002,4020000	1392,1392,1392	-48,-25
20302	Stage_StageNameId_20302		Stage_StageTargetTalk_2002	2,4	30,0	1	203	1	0	3	battle03	stage_xqnm03	10304,20301	0	0	75000,80100,75003,80302	4070020:2,6:1,2:20,1:2000	70300	0	12	12	35	697	0	0	19800	20	3	1392	0	1392	0	1392	0	1392	1392	1392	1392	0	1392	1398	0	1399	0	0	0	4070020,4030002,4020000	1392,1392,1398	80,-125
20303	Stage_StageNameId_20303		Stage_StageTargetTalk_2003	2,4	30,0	1	203	1	0	3	battle03	stage_xqnm03	10306,20302	0	0	75000,80100,75003,80303	4070022:2,6:1,2:20,1:2000	70300	0	12	12	35	709	0	0	19900	20	3	1392	1392	1392	0	0	0	1392	1392	1392	0	1392	0	0	1400	0	0	1401	0	4070022,4030002,4020000	1392,1392,1400	56,157
20304	Stage_StageNameId_20304		Stage_StageTargetTalk_2004	2,4	30,0	3	203	1	0	3	battle03	stage_xqnm03	10308,20303	0	0	75000,80100,75003,80304	4070005:2,6:1,2:20,1:2000	70300	0	12	12	35	721	0	0	20000	20	3	1392	1392	1392	0	0	0	1392	1392	1392	0	0	0	1392	1392	1392	0	1399	0	4070005,4030002,4020000	1392,1392,1392	336,145
20401	Stage_StageNameId_20401			2,4	30,0	1	204	1	0	0	battle04	stage_xqnm03	10402,20304			75000,80400,75004,80401	4030002:2,6:1,2:20,1:6000	70400	0	12	12	40	733	0	0	0	0	3	1402	0	1402	1402	0	1402	1402	1402	1402	0	1402	0	0	1408	0	0	0	0	4070018,4030002,4020000	1402,1402,1408	-48,-25
20402	Stage_StageNameId_20402			2,4	30,0	1	204	1	0	0	battle04	stage_xqnm03	10404,20401			75000,80400,75004,80402	4070017:2,6:1,2:20,1:6000	70400	0	12	12	40	745	0	0	0	0	3	1402	1402	1402	0	0	1402	0	1402	0	1402	1402	1402	0	1409	0	0	1410	0	4070017,4030002,4020000	1402,1402,1409	80,-125
20403	Stage_StageNameId_20403			2,4	30,0	1	204	1	0	0	battle04	stage_xqnm03	10406,20402			75000,80400,75004,80403	4070028:2,6:1,2:20,1:6000	70400	0	12	12	40	757	0	0	0	0	3	1402	1402	1402	0	0	0	1402	1402	1402	1402	0	1402	0	1411	0	0	1412	0	4070028,4030002,4020000	1402,1402,1411	56,157
20404	Stage_StageNameId_20404			2,4	30,0	3	204	1	0	0	battle04	stage_xqnm03	10408,20403			75000,80400,75004,80404	4070023:2,6:1,2:20,1:6000	70400	0	12	12	40	769	0	0	0	0	3	1402	1402	1402	0	0	0	1402	0	1402	0	0	0	1408	1413	1414	0	0	0	4070023,4030002,4020000	1402,1402,1408	336,145
20501	Stage_StageNameId_20501			2,4	30,0	1	205	1	0	0	battle05	stage_xqnm03	10502,20404			75000,80500,75005,80501	4030002:2,6:1,2:20,1:6000	70500	0	12	12	45	781	0	0	0	0	3	0	1415	0	0	1415	1415	1415	1415	1415	0	1421	0	0	1422	0	0	0	0	4030003,4020000	1415,1415,1422	-535,107
20502	Stage_StageNameId_20502			2,4	30,0	1	205	1	0	0	battle05	stage_xqnm03	10504,20501			75000,80500,75005,80502	4070004:2,6:1,2:20,1:6000	70500	0	12	12	45	793	0	0	0	0	3	1415	1415	1415	1415	1415	1415	1415	1415	1415	0	0	0	0	1423	0	0	1424	0	4070004,4030003,4020000	1415,1415,1423	-506,-48
20503	Stage_StageNameId_20503			2,4	30,0	1	205	1	0	0	battle05	stage_xqnm03	10506,20502			75000,80500,75005,80503	4030002:2,6:1,2:20,1:6000	70500	0	12	12	45	805	0	0	0	0	3	1415	0	0	1415	0	1415	1415	0	1415	0	1415	0	0	1425	0	1426	1427	1428	4070005,4030003,4020000	1415,1415,1425	-123,76
20504	Stage_StageNameId_20504			2,4	30,0	1	205	1	0	0	battle05	stage_xqnm03	10508,20503			75000,80500,75005,80504	4070025:2,6:1,2:20,1:6000	70500	0	12	12	45	817	0	0	0	0	3	0	1415	0	0	1415	0	0	1429	0	0	1430	0	0	1431	0	0	1432	0	4070025,4030003,4020000	1415,1429,1431	313,27
20505	Stage_StageNameId_20505			2,4	30,0	3	205	1	0	0	battle05	stage_xqnm03	10510,20504			75000,80500,75005,80505	4070016:2,6:1,2:20,1:6000	70500	0	12	12	45	829	0	0	0	0	3	1415	0	1415	0	1415	0	1415	1415	1415	1415	1415	1415	0	1421	0	1425	0	1429	4070016,4030003,4020000	1415,1415,1421	-54,-128
20601	Stage_StageNameId_20601			2,4	30,0	1	206	1	0	0	battle06	stage_xqnm03	10602,20505			75000,80600,75006,80601	4030003:2,6:1,2:20,1:10000	70600	0	12	12	50	841	0	0	0	0	3	1433	1433	1433	0	1433	0	1433	0	1433	1433	0	1433	0	1439	0	0	0	0	4030003,4020000	1433,1433,1439	-535,107
20602	Stage_StageNameId_20602			2,4	30,0	1	206	1	0	0	battle06	stage_xqnm03	10604,20601			75000,80600,75006,80602	4070024:2,6:1,2:20,1:10000	70600	0	12	12	50	853	0	0	0	0	3	1433	1433	1433	1433	0	1433	0	1440	0	0	1441	0	0	1442	0	0	1443	0	4070024,4030003,4020000	1433,1440,1442	-506,-48
20603	Stage_StageNameId_20603			2,4	30,0	1	206	1	0	0	battle06	stage_xqnm03	10606,20602			75000,80600,75006,80603	4030003:2,6:1,2:20,1:10000	70600	0	12	12	50	865	0	0	0	0	3	0	1444	0	0	0	0	0	1444	0	0	0	0	0	1444	0	0	0	0	4070001,4030003,4020000	1444,1444,1444	-123,76
20604	Stage_StageNameId_20604			2,4	30,0	1	206	1	0	0	battle06	stage_xqnm03	10608,20603			75000,80600,75006,80604	4070021:2,6:1,2:20,1:10000	70600	0	12	12	50	877	0	0	0	0	3	1433	0	1433	0	0	0	1433	1433	1433	1433	0	1433	0	1445	0	1446	1440	1447	4070021,4030003,4020000	1433,1433,1445	313,27
20605	Stage_StageNameId_20605			2,4	30,0	3	206	1	0	0	battle06	stage_xqnm03	10610,20604			75000,80600,75006,80605	4070010:2,6:1,2:20,1:10000	70600	0	12	12	50	889	0	0	0	0	3	1433	1433	1433	1433	1433	1433	0	1448	0	0	0	0	0	1449	0	0	1450	0	4070010,4030003,4020000	1433,1448,1449	-54,-128
20701	Stage_StageNameId_20701			2,4	30,0	1	207	1	0	0	battle01	stage_xqnm03	10702,20605			75000,80600,75007,80701	4030004:2,6:1,2:20,1:10000	70700	0	12	12	60	901	0	0	0	0	3	1451	1451	1451	0	0	0	0	1457	0	0	0	0	0	1458	0	0	0	0	4030004,4020000	1451,1457,1458	-535,107
20702	Stage_StageNameId_20702			2,4	30,0	1	207	1	0	0	battle01	stage_xqnm03	10704,20701			75000,80600,75007,80702	4070027:2,6:1,2:20,1:10000	70700	0	12	12	60	913	0	0	0	0	3	1451	1451	1451	0	0	0	1451	1451	1451	0	1451	0	1459	0	1460	1459	0	1460	4070027,4030004,4020000	1451,1451,1459	-506,-48
20703	Stage_StageNameId_20703			2,4	30,0	1	207	1	0	0	battle01	stage_xqnm03	10706,20702			75000,80600,75007,80703	4030004:2,6:1,2:20,1:10000	70700	0	12	12	60	925	0	0	0	0	3	1451	1451	1451	1451	1451	1451	1451	0	1451	0	1451	0	0	1461	0	1462	0	1463	4070025,4030004,4020000	1451,1451,1461	-123,76
20704	Stage_StageNameId_20704			2,4	30,0	1	207	1	0	0	battle01	stage_xqnm03	10708,20703			75000,80600,75007,80704	4070001:2,6:1,2:20,1:10000	70700	0	12	12	60	937	0	0	0	0	3	0	1451	0	1451	1451	0	0	1462	0	0	0	0	0	1457	0	0	0	0	4070001,4030004,4020000	1451,1462,1457	313,27
20705	Stage_StageNameId_20705			2,4	30,0	3	207	1	0	0	battle01	stage_xqnm03	10710,20704			75000,80600,75007,80705	4070009:2,6:1,2:20,1:10000	70700	0	12	12	60	949	0	0	0	0	3	1451	0	1451	1451	0	1451	1461	0	1463	0	0	0	1464	0	1464	0	0	0	4070009,4030004,4020000	1451,1461,1464	-54,-128
20801	Stage_StageNameId_20801			2,4	30,0	1	208	1	0	0	battle06	stage_xqnm03	10802,20705			75000,80800,75008,80801	4030005:2,6:1,2:20,1:10000	70800	0	12	12	70	961	0	0	0	0	3	1465	1465	1465	0	0	0	1465	1465	1465	1465	0	1465	0	1471	0	0	0	0	4030005,4020000	1465,1465,1471	-535,107
20802	Stage_StageNameId_20802			2,4	30,0	1	208	1	0	0	battle06	stage_xqnm03	10804,20801			75000,80800,75008,80802	4070004:2,6:1,2:20,1:10000	70800	0	12	12	70	973	0	0	0	0	3	1465	1465	1465	0	0	0	1465	0	1465	0	0	0	1472	0	0	1473	0	1474	4070004,4030005,4020000	1465,1465,1472	-506,-48
20803	Stage_StageNameId_20803			2,4	30,0	1	208	1	0	0	battle06	stage_xqnm03	10806,20802			75000,80800,75008,80803	4030005:2,6:1,2:20,1:10000	70800	0	12	12	70	985	0	0	0	0	3	0	1475	0	0	0	0	0	1471	0	0	0	0	0	1476	0	0	0	0	4070018,4030005,4020000	1475,1471,1476	-123,76
20804	Stage_StageNameId_20804			2,4	30,0	1	208	1	0	0	battle06	stage_xqnm03	10808,20803			75000,80800,75008,80804	4070020:2,6:1,2:20,1:10000	70800	0	12	12	70	997	0	0	0	0	3	1465	1465	1465	1465	0	1465	0	1477	0	0	1478	0	0	1476	0	0	1479	0	4070020,4030005,4020000	1465,1477,1476	313,27
20805	Stage_StageNameId_20805			2,4	30,0	3	208	1	0	0	battle06	stage_xqnm03	10810,20804			75000,80800,75008,80805	4070006:2,6:1,2:20,1:10000	70800	0	12	12	70	1009	0	0	0	0	3	1465	1465	1465	0	0	0	1465	0	1465	1465	0	1465	0	1473	0	1474	0	1471	4070006,4030005,4020000	1465,1465,1473	-54,-128
20901	Stage_StageNameId_20901			2,4	30,0	1	209	1	0	0	battle03	stage_xqnm03	10902,20805			75000,80900,75009,80901	4030006:2,6:1,2:20,1:10000	70900	0	12	12	80	1021	0	0	0	0	3	0	1480	0	0	1480	1480	1480	1480	1480	0	1486	0	0	1487	0	0	0	0	4070024,4030006,4020000	1480,1480,1487	-535,107
20902	Stage_StageNameId_20902			2,4	30,0	1	209	1	0	0	battle03	stage_xqnm03	10904,20901			75000,80900,75009,80902	4070028:2,6:1,2:20,1:10000	70900	0	12	12	80	1033	0	0	0	0	3	1480	1480	1480	1480	1480	1480	1480	1480	1480	0	0	0	0	1488	0	0	1489	0	4070028,4030006,4020000	1480,1480,1488	-506,-48
20903	Stage_StageNameId_20903			2,4	30,0	1	209	1	0	0	battle03	stage_xqnm03	10906,20902			75000,80900,75009,80903	4030006:2,6:1,2:20,1:10000	70900	0	12	12	80	1045	0	0	0	0	3	0	1480	0	1480	0	1480	1480	0	1480	0	1480	0	1490	1491	1492	0	0	0	4070009,4030006,4020000	1480,1480,1490	-123,76
20904	Stage_StageNameId_20904			2,4	30,0	1	209	1	0	0	battle03	stage_xqnm03	10908,20903			75000,80900,75009,80904	4070011:2,6:1,2:20,1:10000	70900	0	12	12	80	1057	0	0	0	0	3	0	1480	0	0	1480	0	0	1492	0	0	1489	0	0	1493	0	0	1494	0	4070001,4030006,4020000	1480,1492,1493	313,27
20905	Stage_StageNameId_20905			2,4	30,0	3	209	1	0	0	battle03	stage_xqnm03	10910,20904			75000,80900,75009,80905	4070023:2,6:1,2:20,1:10000	70900	0	12	12	80	1069	0	0	0	0	3	1480	0	1480	0	1480	0	1480	1480	1480	1480	1480	1480	0	1495	0	1494	1493	1496	4070023,4030006,4020000	1480,1480,1495	-54,-128
21001	Stage_StageNameId_21001			2,4	30,0	1	210	1	0	0	battle04	stage_xqnm03	11002,20905			75000,81000,75010,81001	4030007:2,6:1,2:20,1:10000	71000	0	12	12	100	1081	0	0	0	0	3	1497	1497	1497	0	1497	0	1497	0	1497	1497	0	1497	0	1503	0	0	0	0	4030007,4020000	1497,1497,1503	-535,107
21002	Stage_StageNameId_21002			2,4	30,0	1	210	1	0	0	battle04	stage_xqnm03	11004,21001			75000,81000,75010,81002	4070017:2,6:1,2:20,1:10000	71000	0	12	12	100	1093	0	0	0	0	3	1497	1497	1497	1497	0	1497	0	1504	0	0	1505	0	0	1504	0	0	1406	0	4070017,4030007,4020000	1497,1504,1504	-506,-48
21003	Stage_StageNameId_21003			2,4	30,0	1	210	1	0	0	battle04	stage_xqnm03	11006,21002			75000,81000,75010,81003	4030007:2,6:1,2:20,1:10000	71000	0	12	12	100	1105	0	0	0	0	3	0	0	0	0	1507	0	0	0	0	0	1507	0	0	0	0	0	1508	0	4070006,4030007,4020000	1057,1057,1058	-123,76
21004	Stage_StageNameId_21004			2,4	30,0	1	210	1	0	0	battle04	stage_xqnm03	11008,21003			75000,81000,75010,81004	4070005:2,6:1,2:20,1:10000	71000	0	12	12	100	1117	0	0	0	0	3	1497	1497	1497	1497	1497	1497	0	1509	0	0	1506	0	0	1510	0	0	1510	0	4070005,4030007,4020000	1497,1509,1510	313,27
21005	Stage_StageNameId_21005			2,4	30,0	3	210	1	0	0	battle04	stage_xqnm03	11010,21004			75000,81000,75010,81005	4030007:2,6:1,2:20,1:10000	71000	0	12	12	100	1129	0	0	0	0	3	1497	0	1497	0	0	0	1497	1497	1497	1497	0	1497	0	1511	0	1512	1506	1513	4070008,4030007,4020000	1497,1497,1511	-54,-128
21101	Stage_StageNameId_21101			2,4	30,0	1	211	1	0	0	battle05	stage_xqnm03	11102,21005			75000,81000,75011,81101	4030008:2,6:1,2:20,1:10000	71100	0	12	12	120	1141	0	0	0	0	3	0	1520	0	0	0	0	0	1520	0	0	0	0	0	1520	0	0	0	0	4030008,4020000	1520,1520,1520	-535,107
21102	Stage_StageNameId_21102			2,4	30,0	1	211	1	0	0	battle05	stage_xqnm03	11104,21101			75000,81000,75011,81102	4070018:2,6:1,2:20,1:10000	71100	0	12	12	120	1153	0	0	0	0	3	1514	1514	1514	0	0	0	1514	1514	1514	0	1514	0	0	1521	0	1522	0	1523	4070018,4030008,4020000	1514,1514,1521	-506,-48
21103	Stage_StageNameId_21103			2,4	30,0	1	211	1	0	0	battle05	stage_xqnm03	11106,21102			75000,81000,75011,81103	4030008:2,6:1,2:20,1:10000	71100	0	12	12	120	1165	0	0	0	0	3	1514	1514	1514	1514	1514	1514	1514	0	1514	0	1514	0	0	1524	0	1525	1526	1527	4070022,4030008,4020000	1514,1514,1524	-123,76
21104	Stage_StageNameId_21104			2,4	30,0	1	211	1	0	0	battle05	stage_xqnm03	11108,21103			75000,81000,75011,81104	4070002:2,6:1,2:20,1:10000	71100	0	12	12	120	1177	0	0	0	0	3	0	1528	0	0	0	0	0	1528	0	0	0	0	0	1528	0	0	0	0	4070002,4030008,4020000	1528,1528,1528	313,27
21105	Stage_StageNameId_21105			2,4	30,0	3	211	1	0	0	battle05	stage_xqnm03	11110,21104			75000,81000,75011,81105	4070001:2,6:1,2:20,1:10000	71100	0	12	12	120	1189	0	0	0	0	3	1514	0	1514	1514	0	1514	1529	0	1530	0	0	0	1531	0	1532	0	0	0	4070001,4030008,4020000	1514,1529,1531	-54,-128
21201	Stage_StageNameId_21201			2,4	30,0	1	212	1	0	0	battle06	stage_xqnm03	11202,21105			75000,81200,75012,81201	4030009:2,6:1,2:20,1:10000	71200	0	12	12	135	1201	0	0	0	0	3	1533	1533	1533	0	0	0	1533	1533	1533	1533	0	1533	0	1539	0	0	0	0	4070008,4030009,4020000	1533,1533,1539	-535,107
21202	Stage_StageNameId_21202			2,4	30,0	1	212	1	0	0	battle06	stage_xqnm03	11204,21201			75000,81200,75012,81202	4070025:2,6:1,2:20,1:10000	71200	0	12	12	135	1213	0	0	0	0	3	1533	1533	1533	0	0	0	1533	0	1533	0	0	0	0	1540	0	1541	0	1542	4070025,4030009,4020000	1533,1533,1540	-506,-48
21203	Stage_StageNameId_21203			2,4	30,0	1	212	1	0	0	battle06	stage_xqnm03	11206,21202			75000,81200,75012,81203	4030009:2,6:1,2:20,1:10000	71200	0	12	12	135	1225	0	0	0	0	3	0	1543	0	0	0	0	0	1544	0	0	0	0	0	1545	0	0	0	0	4070005,4030009,4020000	1543,1544,1545	-123,76
21204	Stage_StageNameId_21204			2,4	30,0	1	212	1	0	0	battle06	stage_xqnm03	11208,21203			75000,81200,75012,81204	4070021:2,6:1,2:20,1:10000	71200	0	12	12	135	1237	0	0	0	0	3	1533	1533	1533	1533	0	1533	0	1546	0	0	1546	0	0	1547	0	0	1547	0	4070021,4030009,4020000	1533,1546,1547	313,27
21205	Stage_StageNameId_21205			2,4	30,0	3	212	1	0	0	battle06	stage_xqnm03	11210,21204			75000,81200,75012,81205	4030009:2,6:1,2:20,1:10000	71200	0	12	12	135	1249	0	0	0	0	3	1533	1533	1533	0	0	0	1533	0	1533	1533	0	1533	0	1548	0	1541	0	1541	4070007,4030009,4020000	1533,1533,1548	-54,-128
21301	Stage_StageNameId_21301			2,4	30,0	1	213	1	0	0	battle01	stage_xqnm03	11302,21205			75000,81300,75013,81301	4030010:2,6:1,2:20,1:10000	71300	0	12	12	170	1261	0	0	0	0	3	0	1549	0	0	1549	1549	1549	1549	1549	0	1555	0	0	1556	0	0	0	0	4070016,4030010,4020000	1549,1549,1556	-535,107
21302	Stage_StageNameId_21302			2,4	30,0	1	213	1	0	0	battle01	stage_xqnm03	11304,21301			75000,81300,75013,81302	4070026:2,6:1,2:20,1:10000	71300	0	12	12	170	1273	0	0	0	0	3	1549	1549	1549	1549	1549	1549	1549	1549	1549	0	0	0	0	1557	0	0	1556	0	4070026,4030010,4020000	1549,1549,1557	-506,-48
21303	Stage_StageNameId_21303			2,4	30,0	1	213	1	0	0	battle01	stage_xqnm03	11306,21302			75000,81300,75013,81303	4030010:2,6:1,2:20,1:10000	71300	0	12	12	170	1285	0	0	0	0	3	0	1549	0	1549	0	1549	1549	0	1549	0	1549	0	1558	1559	1560	0	0	0	4070010,4030010,4020000	1549,1549,1558	-123,76
21304	Stage_StageNameId_21304			2,4	30,0	1	213	1	0	0	battle01	stage_xqnm03	11308,21303			75000,81300,75013,81304	4070022:2,6:1,2:20,1:10000	71300	0	12	12	170	1297	0	0	0	0	3	0	1549	0	0	1549	0	0	1561	0	0	1562	0	0	1563	0	0	1564	0	4070022,4030010,4020000	1549,1561,1563	313,27
21305	Stage_StageNameId_21305			2,4	30,0	3	213	1	0	0	battle01	stage_xqnm03	11310,21304			75000,81300,75013,81305	4030010:2,6:1,2:20,1:10000	71300	0	12	12	170	1309	0	0	0	0	3	1549	0	1549	0	1549	0	1549	1549	1549	1549	1549	1549	0	1565	0	1566	1559	1567	4070019,4030010,4020000	1549,1549,1565	-54,-128
21401	Stage_StageNameId_21401			2,4	30,0	1	214	1	0	0	battle06	stage_xqnm03	11402,21305			75000,81400,75014,81401	4030011:2,6:1,2:20,1:10000	71400	0	12	12	200	1321	0	0	0	0	3	1568	1568	1568	0	1568	0	1568	0	1568	1568	0	1568	0	1574	0	0	0	0	4030011,4020000	1568,1568,1574	-535,107
21402	Stage_StageNameId_21402			2,4	30,0	1	214	1	0	0	battle06	stage_xqnm03	11404,21401			75000,81400,75014,81402	4070009:2,6:1,2:20,1:10000	71400	0	12	12	200	1333	0	0	0	0	3	1568	1568	1568	1568	0	1568	0	1575	0	0	1576	0	0	1575	0	0	1577	0	4070009,4030011,4020000	1568,1575,1575	-506,-48
21403	Stage_StageNameId_21403			2,4	30,0	1	214	1	0	0	battle06	stage_xqnm03	11406,21402			75000,81400,75014,81403	4030011:2,6:1,2:20,1:10000	71400	0	12	12	200	1345	0	0	0	0	3	0	1576	0	0	0	0	0	1578	0	0	0	0	0	1579	0	0	0	0	4070019,4030011,4020000	1576,1578,1579	-123,76
21404	Stage_StageNameId_21404			2,4	30,0	1	214	1	0	0	battle06	stage_xqnm03	11408,21403			75000,81400,75014,81404	4070016:2,6:1,2:20,1:10000	71400	0	12	12	200	1357	0	0	0	0	3	1568	1568	1568	1568	1568	1568	0	1579	0	0	1580	0	0	1581	0	0	1581	0	4070016,4030011,4020000	1568,1579,1581	313,27
21405	Stage_StageNameId_21405			2,4	30,0	3	214	1	0	0	battle06	stage_xqnm03	11410,21404			75000,81400,75014,81405	4070010:2,6:1,2:20,1:10000	71400	0	12	12	200	1369	0	0	0	0	3	1568	0	1568	0	0	0	1568	1568	1568	1568	0	1568	0	1582	0	1579	1580	1583	4070010,4030011,4020000	1568,1568,1582	-54,-128
21501	Stage_StageNameId_21501			2,4	30,0	1	215	1	0	0	battle03	stage_xqnm03	11502,21405			75000,81400,75015,81501	4030012:2,6:1,2:20,1:10000	71500	0	12	12	240	1381	0	0	0	0	3	0	1590	0	0	0	0	0	1590	0	0	0	0	0	1590	0	0	0	0	4070001,4030012,4020000	1590,1590,1590	-535,107
21502	Stage_StageNameId_21502			2,4	30,0	1	215	1	0	0	battle03	stage_xqnm03	11504,21501			75000,81400,75015,81502	4070024:2,6:1,2:20,1:10000	71500	0	12	12	240	1393	0	0	0	0	3	1584	1584	1584	0	0	0	1584	1584	1584	0	1584	0	0	1591	0	1592	0	1593	4070024,4030012,4020000	1584,1584,1591	-506,-48
21503	Stage_StageNameId_21503			2,4	30,0	1	215	1	0	0	battle03	stage_xqnm03	11506,21502			75000,81400,75015,81503	4030012:2,6:1,2:20,1:10000	71500	0	12	12	240	1405	0	0	0	0	3	1584	1584	1584	1584	1584	1584	1584	0	1584	0	1584	0	1594	1595	1596	0	1595	0	4070003,4030012,4020000	1584,1584,1594	-123,76
21504	Stage_StageNameId_21504			2,4	30,0	1	215	1	0	0	battle03	stage_xqnm03	11508,21503			75000,81400,75015,81504	4070027:2,6:1,2:20,1:10000	71500	0	12	12	240	1417	0	0	0	0	3	0	1592	0	0	0	0	0	1592	0	0	0	0	0	1592	0	0	0	0	4070027,4030012,4020000	1592,1592,1592	313,27
21505	Stage_StageNameId_21505			2,4	30,0	3	215	1	0	0	battle03	stage_xqnm03	11510,21504			75000,81400,75015,81505	4030012:2,6:1,2:20,1:10000	71500	0	12	12	240	1429	0	0	0	0	3	1584	0	1584	1584	0	1584	1597	0	1598	0	0	0	1595	0	1599	0	0	0	4070011,4030012,4020000	1584,1597,1595	-54,-128
21601	Stage_StageNameId_21601			2,4	30,0	1	216	1	0	0	battle04	stage_xqnm03	11602,21505			75000,81600,75016,81601	4030013:2,6:1,2:20,1:10000	71600	0	12	12	280	1441	0	0	0	0	3	1600	1600	1600	0	0	0	1600	1600	1600	0	1606	0	0	1607	0	0	1608	0	4030013,4020000	1600,1600,1607	-535,107
21602	Stage_StageNameId_21602			2,4	30,0	1	216	1	0	0	battle04	stage_xqnm03	11604,21601			75000,81600,75016,81602	4070004:2,6:1,2:20,1:10000	71600	0	12	12	280	1453	0	0	0	0	3	1600	1600	1600	0	0	0	1600	1600	1600	0	0	0	0	1609	0	1610	0	1611	4070004,4030013,4020000	1600,1600,1609	-506,-48
21603	Stage_StageNameId_21603			2,4	30,0	1	216	1	0	0	battle04	stage_xqnm03	11606,21602			75000,81600,75016,81603	4030013:2,6:1,2:20,1:10000	71600	0	12	12	280	1465	0	0	0	0	3	1600	0	1600	1600	0	1600	1600	0	1600	0	1600	0	1607	0	1606	1608	0	1606	4070027,4030013,4020000	1600,1600,1607	-123,76
21604	Stage_StageNameId_21604			2,4	30,0	1	216	1	0	0	battle04	stage_xqnm03	11608,21603			75000,81600,75016,81604	4070006:2,6:1,2:20,1:10000	71600	0	12	12	280	1477	0	0	0	0	3	1600	1600	1600	1600	0	1600	0	1612	0	0	1612	0	0	1613	0	0	1613	0	4070006,4030013,4020000	1600,1612,1613	313,27
21605	Stage_StageNameId_21605			2,4	30,0	3	216	1	0	0	battle04	stage_xqnm03	11610,21604			75000,81600,75016,81605	4030013:2,6:1,2:20,1:10000	71600	0	12	12	280	1489	0	0	0	0	3	1600	1600	1600	0	0	0	1600	0	1600	1600	0	1600	1614	1614	1614	1614	1614	1614	4070003,4030013,4020000	1600,1600,1614	-54,-128
21701	Stage_StageNameId_21701			2,4	30,0	1	217	1	0	0	battle05	stage_xqnm03	11702,21605			75000,81700,75017,81701	4030014:2,6:1,2:30,1:10000	71700	0	12	12	340	1501	0	0	0	0	3	1615	1615	1615	0	1615	0	1615	1615	1615	0	0	0	0	1621	0	1622	0	1623	4070024,4030014,4020000	1615,1615,1621	-535,107
21702	Stage_StageNameId_21702			2,4	30,0	1	217	1	0	0	battle05	stage_xqnm03	11704,21701			75000,81700,75017,81702	4070026:2,6:1,2:30,1:10000	71700	0	12	12	340	1513	0	0	0	0	3	1615	1615	1615	0	1615	0	1615	0	1615	1623	0	1624	0	1625	0	0	1626	0	4070026,4030014,4020000	1615,1615,1625	-506,-48
21703	Stage_StageNameId_21703			2,4	30,0	1	217	1	0	0	battle05	stage_xqnm03	11706,21702			75000,81700,75017,81703	4030014:2,6:1,2:30,1:10000	71700	0	12	12	340	1525	0	0	0	0	3	1615	0	1615	1615	0	1615	1615	0	1615	0	1615	0	1627	0	1628	1629	0	1628	4070006,4030014,4020000	1615,1615,1627	-123,76
21704	Stage_StageNameId_21704			2,4	30,0	1	217	1	0	0	battle05	stage_xqnm03	11708,21703			75000,81700,75017,81704	4070020:2,6:1,2:30,1:10000	71700	0	12	12	340	1537	0	0	0	0	3	1615	1615	1615	0	1615	0	0	1621	0	0	1622	0	0	1627	0	0	1630	0	4070020,4030014,4020000	1615,1621,1627	313,27
21705	Stage_StageNameId_21705			2,4	30,0	3	217	1	0	0	battle05	stage_xqnm03	11710,21704			75000,81700,75017,81705	4030014:2,6:1,2:30,1:10000	71700	0	12	12	340	1549	0	0	0	0	3	1615	0	1615	0	1615	0	1615	1615	1615	0	0	0	0	1629	0	1625	1631	1632	4070027,4030014,4020000	1615,1615,1629	-54,-128
21801	Stage_StageNameId_21801			2,4	30,0	1	218	1	0	0	battle06	stage_xqnm03	11802,21705			75000,81800,75018,81801	4030015:2,6:1,2:30,1:10000	71800	0	12	12	400	1561	0	0	0	0	3	0	1693	0	0	0	0	0	1693	0	0	0	0	0	1693	0	0	1693	0	4030015,4020000	1693,1693,1693	-535,107
21802	Stage_StageNameId_21802			2,4	30,0	1	218	1	0	0	battle06	stage_xqnm03	11804,21801			75000,81800,75018,81802	4070018:2,6:1,2:30,1:10000	71800	0	12	12	400	1573	0	0	0	0	3	0	1633	0	1633	0	1633	0	0	0	1640	0	0	0	1641	0	0	1642	0	4070018,4030015,4020000	1633,1640,1641	-506,-48
21803	Stage_StageNameId_21803			2,4	30,0	1	218	1	0	0	battle06	stage_xqnm03	11806,21802			75000,81800,75018,81803	4030015:2,6:1,2:30,1:10000	71800	0	12	12	400	1585	0	0	0	0	3	0	0	0	0	1643	0	0	0	0	0	1644	0	0	0	0	0	1645	0	4030015,4020000	1643,1644,1645	-123,76
21804	Stage_StageNameId_21804			2,4	30,0	1	218	1	0	0	battle06	stage_xqnm03	11808,21803			75000,81800,75018,81804	4070009:2,6:1,2:30,1:10000	71800	0	12	12	400	1597	0	0	0	0	3	1633	1633	1633	0	0	0	0	1633	0	0	1633	0	1646	1646	1646	0	1647	0	4070009,4030015,4020000	1633,1633,1646	313,27
21805	Stage_StageNameId_21805			2,4	30,0	3	218	1	0	0	battle06	stage_xqnm03	11810,21804			75000,81800,75018,81805	4070007:2,6:1,2:30,1:10000	71800	0	12	12	400	1609	0	0	0	0	3	1633	0	1633	0	0	0	1633	0	1633	1633	0	1633	0	1648	0	1649	1649	1649	4070007,4030015,4020000	1633,1633,1648	-54,-128
21901	Stage_StageNameId_21901			2,4	30,0	1	219	1	0	0	battle01	stage_xqnm03	11902,21805			75000,81900,75019,81901	4030016:2,6:1,2:30,1:10000	71900	0	12	12	470	1621	0	0	0	0	3	0	1650	0	0	1650	0	0	1650	0	0	1650	0	0	1656	0	0	1657	0	4030016,4020000	1650,1650,1656	-535,107
21902	Stage_StageNameId_21902			2,4	30,0	1	219	1	0	0	battle01	stage_xqnm03	11904,21901			75000,81900,75019,81902	4070021:2,6:1,2:30,1:10000	71900	0	12	12	470	1633	0	0	0	0	3	0	1658	0	0	0	0	0	1658	0	0	0	0	0	1658	0	0	1658	0	4070021,4030016,4020000	1658,1658,1658	-506,-48
21903	Stage_StageNameId_21903			2,4	30,0	1	219	1	0	0	battle01	stage_xqnm03	11906,21902			75000,81900,75019,81903	4030016:2,6:1,2:30,1:10000	71900	0	12	12	470	1645	0	0	0	0	3	0	1659	0	0	0	0	0	1659	0	0	0	0	0	1659	0	0	0	0	4030016,4020000	1659,1659,1659	-123,76
21904	Stage_StageNameId_21904			2,4	30,0	1	219	1	0	0	battle01	stage_xqnm03	11908,21903			75000,81900,75019,81904	4070002:2,6:1,2:30,1:10000	71900	0	12	12	470	1657	0	0	0	0	3	0	1650	0	0	1650	0	1650	1650	1650	0	1660	0	0	1660	0	0	0	0	4070002,4030016,4020000	1650,1650,1660	313,27
21905	Stage_StageNameId_21905			2,4	30,0	3	219	1	0	0	battle01	stage_xqnm03	11910,21904			75000,81900,75019,81905	4070025:2,6:1,2:30,1:10000	71900	0	12	12	470	1669	0	0	0	0	3	1650	0	1650	1650	0	1650	1650	0	1650	1650	0	1650	1661	1661	1661	1661	1661	1661	4070025,4030016,4020000	1650,1650,1661	-54,-128
22001	Stage_StageNameId_22001			2,4	30,0	1	220	1	0	0	battle06	stage_xqnm03	12002,21905			75000,82000,75020,82001	4030017:2,6:1,2:30,1:10000	72000	0	12	12	540	1681	0	0	0	0	3	1662	1662	1662	0	0	0	1662	1662	1662	0	1668	0	0	1669	0	0	1670	0	4030017,4020000	1662,1662,1669	-535,107
22002	Stage_StageNameId_22002			2,4	30,0	1	220	1	0	0	battle06	stage_xqnm03	12004,22001			75000,82000,75020,82002	4070001:2,6:1,2:30,1:10000	72000	0	12	12	540	1693	0	0	0	0	3	1662	1662	1662	0	0	0	1671	0	1671	0	0	0	1671	0	1671	0	0	0	4070001,4030017,4020000	1662,1671,1671	-506,-48
22003	Stage_StageNameId_22003			2,4	30,0	1	220	1	0	0	battle06	stage_xqnm03	12006,22002			75000,82000,75020,82003	4030017:2,6:1,2:30,1:10000	72000	0	12	12	540	1705	0	0	0	0	3	0	1672	0	0	0	0	0	1673	0	0	0	0	0	1674	0	0	0	0	4030017,4020000	1672,1673,1674	-123,76
22004	Stage_StageNameId_22004			2,4	30,0	1	220	1	0	0	battle06	stage_xqnm03	12008,22003			75000,82000,75020,82004	4070005:2,6:1,2:30,1:10000	72000	0	12	12	540	1717	0	0	0	0	3	1662	0	1662	1662	0	1662	0	1662	0	0	1662	0	1675	0	1675	0	1676	0	4070005,4030017,4020000	1662,1662,1675	313,27
22005	Stage_StageNameId_22005			2,4	30,0	3	220	1	0	0	battle06	stage_xqnm03	12010,22004			75000,82000,75020,82005	4070016:2,6:1,2:30,1:10000	72000	0	12	12	540	1729	0	0	0	0	3	1662	0	1662	0	0	0	1662	0	1662	0	0	0	1675	1675	1675	1675	1675	1675	4070016,4030017,4020000	1662,1662,1675	-54,-128
22101	Stage_StageNameId_22101			2,4	30,0	1	221	1	0	0	battle03	stage_xqnm03	12102,22005			75000,82000,75020,82001	4030017:2,6:1,2:30,1:10000	72000	0	12	12	600	1741	0	0	0	0	3	0	1677	0	0	1677	0	1677	1677	1677	0	0	0	0	1683	0	0	0	0	4030017,4020000	1677,1677,1683	-535,107
22102	Stage_StageNameId_22102			2,4	30,0	1	221	1	0	0	battle03	stage_xqnm03	12104,22101			75000,82000,75020,82002	4070001:2,6:1,2:30,1:10000	72000	0	12	12	600	1753	0	0	0	0	3	0	1684	0	0	0	0	0	1685	0	0	0	0	0	1686	0	0	0	0	4070001,4030017,4020000	1684,1685,1686	-506,-48
22103	Stage_StageNameId_22103			2,4	30,0	1	221	1	0	0	battle03	stage_xqnm03	12106,22102			75000,82000,75020,82003	4030017:2,6:1,2:30,1:10000	72000	0	12	12	600	1765	0	0	0	0	2	0	1677	0	1677	0	1677	0	1687	0	0	1688	0	0	0	0	0	0	0	4030017,4020000	1677,1687	-123,76
22104	Stage_StageNameId_22104			2,4	30,0	1	221	1	0	0	battle03	stage_xqnm03	12108,22103			75000,82000,75020,82004	4070005:2,6:1,2:30,1:10000	72000	0	12	12	600	1777	0	0	0	0	2	1677	1677	1677	0	1677	0	1689	1689	1689	0	1690	0	0	0	0	0	0	0	4070005,4030017,4020000	1677,1689	313,27
22105	Stage_StageNameId_22105			2,4	30,0	3	221	1	0	0	battle03	stage_xqnm03	12110,22104			75000,82000,75020,82005	4070016:2,6:1,2:30,1:10000	72000	0	12	12	600	1777	0	0	0	0	3	0	1691	0	0	0	0	0	1692	0	0	0	0	0	1693	0	0	0	0	4070016,4030017,4020000	1691,1692,1693	-54,-128
30101	Stage_StageNameId_10101	Stage_StageExplainId_10101	Stage_StageTargetTalk_2000	2,4	30,1	2	301	1	0	0		stage_xqnm03	20101	0	0	10001	0	20028	0	6	6	100	738	0	0	300	20	3	1	0	0	0	0	4	0	0	5	0	0	5	2	0	2	0	2	2	4020000,4020001	1,5,2	-357,130
30102	Stage_StageNameId_10102	Stage_StageExplainId_10102	Stage_StageTargetTalk_2001	3,4	10,1	2	301	1	0	0		stage_xqnm03	30101	0	0	10002	0	20029	0	6	6	105	742	0	0	400	20	3	0	4	1	0	1	0	2	0	0	0	2	0	3	0	3	0	3	3	4020000,4020002	4,2,3	-156,93
30103	Stage_StageNameId_10103	Stage_StageExplainId_10101	Stage_StageTargetTalk_2002	1,4	20,2	2	301	1	0	0		stage_xqnm03	30102	0	0	10003	0	20030	0	6	6	110	746	0	0	500	20	3	1	0	0	0	0	4	0	0	5	0	0	5	2	0	2	0	2	2	4020000,4020003	1,5,2	-48,-25
30201	Stage_StageNameId_10101	Stage_StageExplainId_10102	Stage_StageTargetTalk_2003	2,4	30,1	2	302	1	0	0		stage_xqnm03	30103	0	0	10000	0	20031	0	6	6	150	750	0	0	600	20	3	1	0	1	0	1	0	2	0	0	0	2	0	3	0	3	0	3	3	4020000	1,2,3	80,-125
30202	Stage_StageNameId_10102	Stage_StageExplainId_10101	Stage_StageTargetTalk_2004	3,4	10,1	2	302	1	0	0		stage_xqnm03	30201	0	0	10000	2:20,4020000:5,1:12000	20032	0	6	6	155	754	0	0	700	20	3	0	4	0	0	0	4	0	0	5	0	0	5	2	0	2	0	2	2	4020000	4,5,2	56,157
30203	Stage_StageNameId_10103	Stage_StageExplainId_10102	Stage_StageTargetTalk_2005	1,4	20,2	2	302	1	0	0		stage_xqnm03	30202	0	0	10001	2:10,4020001:1,4020002:1,4020003:1	20033	0	6	6	160	758	0	0	800	20	3	1	0	1	0	1	0	2	0	0	0	2	0	3	0	3	0	3	3	4020000,4020001	1,2,3	336,145
30204	Stage_StageNameId_10104	Stage_StageExplainId_10101	Stage_StageTargetTalk_2006	2,4	30,1	2	302	1	0	0		stage_xqnm03	30203	0	0	10001	0	20034	0	6	6	165	762	0	0	900	20	3	1	0	0	0	0	4	0	0	5	0	0	5	2	0	2	0	2	2	4020000,4020001	1,5,2	-95,-195
30205	Stage_StageNameId_10105	Stage_StageExplainId_10102	Stage_StageTargetTalk_2007	3,4	30,1	2	302	1	0	0		stage_xqnm03	30204	0	0	10002	2:10,4020001:1,4020002:1,4020003:1	20035	0	6	6	170	766	0	0	1000	20	3	0	4	1	0	1	0	2	0	0	0	2	0	3	0	3	0	3	3	4020000,4020002	4,2,3	-455,-50
30206	Stage_StageNameId_10106	Stage_StageExplainId_10101	Stage_StageTargetTalk_2008	1,4	10,1	2	302	1	0	0		stage_xqnm03	30205	0	0	10002	0	20036	0	6	6	175	770	0	0	1100	20	3	1	0	0	0	0	4	0	0	5	0	0	5	2	0	2	0	2	2	4020000,4020002	1,5,2	-357,130
30207	Stage_StageNameId_10107	Stage_StageExplainId_10102	Stage_StageTargetTalk_2009	2,4	20,2	2	302	1	0	0		stage_xqnm03	30206	0	0	10003	2:10,4020001:1,4020002:1,4020003:1	20037	0	6	6	180	774	0	0	1200	20	3	1	0	1	0	1	0	2	0	0	0	2	0	3	0	3	0	3	3	4020000,4020003	1,2,3	-156,93
30208	Stage_StageNameId_10108	Stage_StageExplainId_10101	Stage_StageTargetTalk_2000	3,4	30,1	2	302	1	0	0		stage_xqnm03	30207	0	0	10003	0	20038	0	6	6	185	778	0	0	1300	20	3	0	4	0	0	0	4	0	0	5	0	0	5	2	0	2	0	2	2	4020000,4020003	4,5,2	-48,-25
30301	Stage_StageNameId_10101	Stage_StageExplainId_10102	Stage_StageTargetTalk_2001	1,4	10,1	2	303	1	0	0		stage_xqnm03	30208	0	0	10000	0	20039	0	6	6	200	782	0	0	1400	20	3	1	0	1	0	1	0	2	0	0	0	2	0	3	0	3	0	3	3	4020000	1,2,3	80,-125
30302	Stage_StageNameId_10102	Stage_StageExplainId_10101	Stage_StageTargetTalk_2002	2,4	20,2	2	303	1	0	0		stage_xqnm03	30301	0	0	10000	0	20040	0	6	6	205	786	0	0	1500	20	3	1	0	0	0	0	4	0	0	5	0	0	5	2	0	2	0	2	2	4020000	1,5,2	56,157
30303	Stage_StageNameId_10103	Stage_StageExplainId_10102	Stage_StageTargetTalk_2003	3,4	30,1	2	303	1	0	0		stage_xqnm03	30302	0	0	10001	2:10,4020001:2,4020002:2,4020003:2	20041	0	6	6	210	790	0	0	1600	20	3	0	4	1	0	1	0	2	0	0	0	2	0	3	0	3	0	3	3	4020000,4020001	4,2,3	336,145
30304	Stage_StageNameId_10104	Stage_StageExplainId_10101	Stage_StageTargetTalk_2004	1,4	10,1	2	303	1	0	0		stage_xqnm03	30303	0	0	10001	0	20042	0	6	6	215	794	0	0	1700	20	3	1	0	0	0	0	4	0	0	5	0	0	5	2	0	2	0	2	2	4020000,4020001	1,5,2	-357,130
30305	Stage_StageNameId_10105	Stage_StageExplainId_10102	Stage_StageTargetTalk_2005	2,4	20,2	2	303	1	0	0		stage_xqnm03	30304	0	0	10002	2:10,4020001:2,4020002:2,4020003:2	20043	0	6	6	220	798	0	0	1800	20	3	1	0	1	0	1	0	2	0	0	0	2	0	3	0	3	0	3	3	4020000,4020002	1,2,3	80,-125
30306	Stage_StageNameId_10106	Stage_StageExplainId_10101	Stage_StageTargetTalk_2006	3,4	30,1	2	303	1	0	0		stage_xqnm03	30305	0	0	10002	0	20044	0	6	6	225	802	0	0	1900	20	3	0	4	0	0	0	4	0	0	5	0	0	5	2	0	2	0	2	2	4020000,4020002	4,5,2	336,145
30307	Stage_StageNameId_10107	Stage_StageExplainId_10102	Stage_StageTargetTalk_2007	1,4	10,1	2	303	1	0	0		stage_xqnm03	30306	0	0	10003	2:10,4020001:2,4020002:2,4020003:2	20045	0	6	6	230	806	0	0	2000	20	3	1	0	1	0	1	0	2	0	0	0	2	0	3	0	3	0	3	3	4020000,4020003	1,2,3	-95,-195
30308	Stage_StageNameId_10108	Stage_StageExplainId_10101	Stage_StageTargetTalk_2008	2,4	20,2	2	303	1	0	0		stage_xqnm03	30307	0	0	10003	0	20046	0	6	6	235	810	0	0	2100	20	3	1	0	0	0	0	4	0	0	5	0	0	5	2	0	2	0	2	2	4020000,4020003	1,5,2	-455,-50
50501	Stage_StageNameId_50501			0	0	0	501	18	0	2	battle03	Common_Gc006	0	0	0	20386	0	20047	0	0	0	0	0	0	0	2200	5	1	0	200	0	0	0	0	0	0	0	0	0	0	0	0	0	0	0	0	4020000,4020003	200	
50502	Stage_StageNameId_50502			0	0	0	501	30	0	2	battle03	Common_Gc005	50501	0	0	20387	0	20048	0	0	0	0	0	150000	0	2300	5	1	0	201	0	0	0	0	0	0	0	0	0	0	0	0	0	0	0	0	4020000,4020003	201	
50503	Stage_StageNameId_50503			0	0	0	501	45	0	2	battle03	Common_Gc004	50502	0	0	20388	0	20049	0	0	0	0	0	225000	0	2400	5	1	0	202	0	0	0	0	0	0	0	0	0	0	0	0	0	0	0	0	4020000	202	
50504	Stage_StageNameId_50504			0	0	0	501	60	0	2	battle03	Common_Gc003	50503	0	0	20389	0	20050	0	0	0	0	0	325000	0	2500	5	1	0	203	0	0	0	0	0	0	0	0	0	0	0	0	0	0	0	0	4020000	203	
50505	Stage_StageNameId_50505			0	0	0	501	84	0	2	battle03	Common_Gc002	50504	0	0	20390	0	20051	0	0	0	0	0	425000	0	2600	5	1	0	204	0	0	0	0	0	0	0	0	0	0	0	0	0	0	0	0	4020000,4020001	204	
50506	Stage_StageNameId_50506			0	0	0	501	90	0	2	battle03	Common_Gc001	50505	0	0	20391	0	20052	0	0	0	0	0	500000	0	2700	5	1	0	205	0	0	0	0	0	0	0	0	0	0	0	0	0	0	0	0	4020000,4020001	205	
50507	Stage_StageNameId_50507			0	0	0	501	100	0	2	battle03	Common_Gc006	50506	0	0	20392	0	20053	0	0	0	0	0	600000	0	2800	5	1	0	206	0	0	0	0	0	0	0	0	0	0	0	0	0	0	0	0	4020000,4020002	206	
50601	Stage_StageNameId_50601			0	0	0	601	18	0	2	battle01	Common_Gc006	0	0	0	20393	0	20057	0	0	0	0	0	0	20400	0	5	1	0	207	0	0	0	0	0	0	0	0	0	0	0	0	0	0	0	0	4020000,4020003	207	
50602	Stage_StageNameId_50602			0	0	0	601	30	0	2	battle01	Common_Gc005	50601	0	0	20394	0	20058	0	0	0	0	0	0	20401	0	5	1	0	208	0	0	0	0	0	0	0	0	0	0	0	0	0	0	0	0	4020000,4020003	208	
50603	Stage_StageNameId_50603			0	0	0	601	45	0	2	battle01	Common_Gc004	50602	0	0	20395	0	20059	0	0	0	0	0	0	20402	0	5	1	0	209	0	0	0	0	0	0	0	0	0	0	0	0	0	0	0	0	4020000	209	
50604	Stage_StageNameId_50604			0	0	0	601	60	0	2	battle01	Common_Gc003	50603	0	0	20396	0	20060	0	0	0	0	0	0	20403	0	5	1	0	210	0	0	0	0	0	0	0	0	0	0	0	0	0	0	0	0	4020000	210	
50605	Stage_StageNameId_50605			0	0	0	601	84	0	2	battle01	Common_Gc002	50604	0	0	20397	0	20061	0	0	0	0	0	0	20404	0	5	1	0	211	0	0	0	0	0	0	0	0	0	0	0	0	0	0	0	0	4020000,4020001	211	
50606	Stage_StageNameId_50606			0	0	0	601	90	0	2	battle01	Common_Gc001	50605	0	0	20398	0	20062	0	0	0	0	0	0	20405	0	5	1	0	212	0	0	0	0	0	0	0	0	0	0	0	0	0	0	0	0	4020000,4020001	212	
50607	Stage_StageNameId_50607			0	0	0	601	100	0	2	battle01	Common_Gc006	50606	0	0	20399	0	20063	0	0	0	0	0	0	20406	0	5	1	0	213	0	0	0	0	0	0	0	0	0	0	0	0	0	0	0	0	4020000,4020002	213	
50701	Stage_StageNameId_50701			0	0	0	701	18	0	2		Common_Gc006	0	0	0	20120	0	20067	0	0	0	0	0	0	0	0	5	1	0	8	0	0	0	0	0	0	0	0	0	0	0	0	0	0	0	0	4020000,4020003	8	
50702	Stage_StageNameId_50702			0	0	0	701	30	0	2		Common_Gc005	50701	0	0	10001	0	20068	0	0	0	0	0	0	0	0	5	3	0	4	0	0	0	4	0	0	5	0	0	5	2	0	2	0	2	2	4020000,4020003	4,5,2	
50703	Stage_StageNameId_50703			0	0	0	701	42	0	2		Common_Gc004	50702	0	0	10002	0	20069	0	0	0	0	0	0	0	0	5	3	1	0	1	0	1	0	2	0	0	0	2	0	3	0	3	0	3	3	4020000	1,2,3	
50704	Stage_StageNameId_50704			0	0	0	701	55	0	2		Common_Gc003	50703	0	0	10003	0	20070	0	0	0	0	0	0	0	0	5	3	1	0	0	0	0	4	0	0	5	0	0	5	2	0	2	0	2	2	4020000	1,5,2	
50705	Stage_StageNameId_50705			0	0	0	701	70	0	2		Common_Gc002	50704	0	0	10000	0	20071	0	0	0	0	0	0	0	0	5	3	0	4	1	0	1	0	2	0	0	0	2	0	3	0	3	0	3	3	4020000,4020001	4,2,3	
50706	Stage_StageNameId_50706			0	0	0	701	84	0	2		Common_Gc001	50705	0	0	10000	0	20072	0	0	0	0	0	0	0	0	5	3	1	0	0	0	0	4	0	0	5	0	0	5	2	0	2	0	2	2	4020000,4020001	1,5,2	
50707	Stage_StageNameId_50707			0	0	0	701	90	0	2		Common_Gc006	50706	0	0	10001	0	20100	0	0	0	0	0	0	0	0	5	3	1	0	1	0	1	0	2	0	0	0	2	0	3	0	3	0	3	3	4020000,4020002	1,2,3	
50708	Stage_StageNameId_50708			0	0	0	701	100	0	2		Common_Gc005	50707	0	0	10001	0	20101	0	0	0	0	0	0	0	0	5	3	0	4	0	0	0	4	0	0	5	0	0	5	2	0	2	0	2	2	4020000,4020002	4,5,2	
50709	Stage_StageNameId_50709			0	0	0	701	108	0	2		Common_Gc004	50708	0	0	10002	0	20102	0	0	0	0	0	0	0	0	5	3	1	0	1	0	1	0	2	0	0	0	2	0	3	0	3	0	3	3	4020000,4020003	1,2,3	
50710	Stage_StageNameId_50710			0	0	0	701	120	0	2		Common_Gc003	50709	0	0	10002	0	20103	0	0	0	0	0	0	0	0	5	3	1	0	0	0	0	4	0	0	5	0	0	5	2	0	2	0	2	2	4020000,4020003	1,5,2	
50801	Stage_StageNameId_50801			0	0	0	801	18	0	2		Common_Gc006	0	0	0	10003	0	20104	0	0	0	0	0	0	0	0	5	3	1	0	1	0	1	0	2	0	0	0	2	0	3	0	3	0	3	3	4020000,4020003	1,2,3	
50802	Stage_StageNameId_50802			0	0	0	801	30	0	2		Common_Gc005	50801	0	0	10003	0	20105	0	0	0	0	0	0	0	0	5	3	0	4	0	0	0	4	0	0	5	0	0	5	2	0	2	0	2	2	4020000,4020003	4,5,2	
50803	Stage_StageNameId_50803			0	0	0	801	42	0	2		Common_Gc004	50802	0	0	10000	0	20106	0	0	0	0	0	0	0	0	5	3	1	0	1	0	1	0	2	0	0	0	2	0	3	0	3	0	3	3	4020000	1,2,3	
50804	Stage_StageNameId_50804			0	0	0	801	55	0	2		Common_Gc003	50803	0	0	10000	0	20107	0	0	0	0	0	0	0	0	5	3	1	0	0	0	0	4	0	0	5	0	0	5	2	0	2	0	2	2	4020000	1,5,2	
50805	Stage_StageNameId_50805			0	0	0	801	70	0	2		Common_Gc002	50804	0	0	10001	0	20108	0	0	0	0	0	0	0	0	5	3	0	4	1	0	1	0	2	0	0	0	2	0	3	0	3	0	3	3	4020000,4020001	4,2,3	
50806	Stage_StageNameId_50806			0	0	0	801	84	0	2		Common_Gc001	50805	                            	0	10001	0	20109	0	0	0	0	0	0	0	0	5	3	1	0	0	0	0	4	0	0	5	0	0	5	2	0	2	0	2	2	4020000,4020001	1,5,2	
50807	Stage_StageNameId_50807			0	0	0	801	90	0	2		Common_Gc006	50806	0	0	10002	0	20110	0	0	0	0	0	0	0	0	5	3	1	0	1	0	1	0	2	0	0	0	2	0	3	0	3	0	3	3	4020000,4020002	1,2,3	
50808	Stage_StageNameId_50808			0	0	0	801	100	0	2		Common_Gc005	50807	0	0	10002	0	20111	0	0	0	0	0	0	0	0	5	3	0	4	0	0	0	4	0	0	5	0	0	5	2	0	2	0	2	2	4020000,4020002	4,5,2	
50809	Stage_StageNameId_50809			0	0	0	801	108	0	2		Common_Gc004	50808	0	0	10003	0	20112	0	0	0	0	0	0	0	0	5	3	1	0	1	0	1	0	2	0	0	0	2	0	3	0	3	0	3	3	4020000,4020003	1,2,3	
50810	Stage_StageNameId_50810			0	0	0	801	120	0	2		Common_Gc003	50809	0	0	10003	0	20113	0	0	0	0	0	0	0	0	5	3	1	0	0	0	0	4	0	0	5	0	0	5	2	0	2	0	2	2	4020000,4020003	1,5,2	
