道具ID	道具名称ID	道具描述ID	道具图标	道具类型	道具的背包位置	道具品级	使用类型	资源ID	道具使用值	是否可以合成	合成需求和目标	是否可以叠加	是否可以出售	是否为战魂经验	战魂经验	卡片经验	徽章经验	秘籍经验	道具出售价格	道具金币价格	道具钻石价格	道具荣誉价格	道具试练币价格	道具公会币价格	觉醒碎片价格	来源
Id	ItemNameId	ItemExplainId	ItemIcon	ItemType	ItemBag	ItemColor	UseId	ResourceId	UseItemNumber	CanComposite	CompositeNumToTarget	IsOverlap	IsSale	IsWarSoulExp	WarSoulExp	CardExp	BadgeExp	CheatsExp	SaleNumber	ItemGold	ItemJiamond	ItemHonor	ItemTrain	ItemGuild	ItemAwakeFragment	SourceList
int	string	string	string	int	int	int	int	int	int	int	string	int	int	int	int	int	int	int	int	int	int	int	int	int	int	string
4010001	Item_ItemNameId_4010001	Item_ItemExplainId_4010001	Icon_Tscl1_502	1	1	14	0	0	0	0		1	0	0	0	0	0	0	0	0	0	0	0	0	540	
4010002	Item_ItemNameId_4010002	Item_ItemExplainId_4010002	Icon_Tscl1_504	1	1	14	0	0	0	0		1	0	0	0	0	0	0	0	0	0	0	0	0	100	
4010003	Item_ItemNameId_4010003	Item_ItemExplainId_4010003	Icon_Tscl1_506	1	1	14	0	0	0	0		1	0	0	0	0	0	0	0	0	0	0	40500	0	540	
4010004	Item_ItemNameId_4010004	Item_ItemExplainId_4010004	Icon_Tscl1_508	1	1	14	0	0	0	0		1	0	0	0	0	0	0	0	0	0	0	0	0	100	
4010005	Item_ItemNameId_4010005	Item_ItemExplainId_4010005	Icon_Tscl1_510	1	1	14	0	0	0	0		1	0	0	0	0	0	0	0	0	0	0	0	0	100	
4010006	Item_ItemNameId_4010006	Item_ItemExplainId_4010006	Icon_Tscl1_512	1	1	14	0	0	0	0		1	0	0	0	0	0	0	0	0	0	36000	0	0	210	
4010007	Item_ItemNameId_4010007	Item_ItemExplainId_4010007	Icon_Tscl1_514	1	1	14	0	0	0	0		1	0	0	0	0	0	0	0	0	0	0	0	0	210	
4010008	Item_ItemNameId_4010008	Item_ItemExplainId_4010008	Icon_Tscl1_516	1	1	14	0	0	0	0		1	0	0	0	0	0	0	0	0	0	0	0	0	210	
4010009	Item_ItemNameId_4010009	Item_ItemExplainId_4010009	Icon_Tscl1_518	1	1	14	0	0	0	0		1	0	0	0	0	0	0	0	0	0	0	0	0	210	
4010010	Item_ItemNameId_4010010	Item_ItemExplainId_4010010	Icon_Tscl1_520	1	1	14	0	0	0	0		1	0	0	0	0	0	0	0	0	0	0	36000	0	210	
4010011	Item_ItemNameId_4010011	Item_ItemExplainId_4010011	Icon_Tscl1_522	1	1	14	0	0	0	0		1	0	0	0	0	0	0	0	0	0	0	0	0	0	
4010012	Item_ItemNameId_4010012	Item_ItemExplainId_4010012	Icon_Tscl1_524	1	1	14	0	0	0	0		1	0	0	0	0	0	0	0	0	0	0	0	0	0	
4010013	Item_ItemNameId_4010013	Item_ItemExplainId_4010013	Icon_Tscl1_526	1	1	14	0	0	0	0		1	0	0	0	0	0	0	0	0	0	0	0	0	0	
4010014	Item_ItemNameId_4010014	Item_ItemExplainId_4010014	Icon_Tscl1_528	1	1	14	0	0	0	0		1	0	0	0	0	0	0	0	0	0	0	0	0	0	
4010015	Item_ItemNameId_4010015	Item_ItemExplainId_4010015	Icon_Tscl1_530	1	1	14	0	0	0	0		1	0	0	0	0	0	0	0	0	0	0	0	0	0	
4010016	Item_ItemNameId_4010016	Item_ItemExplainId_4010016	Icon_Tscl1_532	1	1	14	0	0	0	0		1	0	0	0	0	0	0	0	0	0	0	0	0	210	
4010017	Item_ItemNameId_4010017	Item_ItemExplainId_4010017	Icon_Tscl1_534	1	1	14	0	0	0	0		1	0	0	0	0	0	0	0	0	0	0	0	0	100	
4010018	Item_ItemNameId_4010018	Item_ItemExplainId_4010018	Icon_Tscl1_536	1	1	14	0	0	0	0		1	0	0	0	0	0	0	0	0	0	0	0	0	100	
4010019	Item_ItemNameId_4010019	Item_ItemExplainId_4010019	Icon_Tscl1_538	1	1	14	0	0	0	0		1	0	0	0	0	0	0	0	0	0	40500	0	0	0	
4010020	Item_ItemNameId_4010020	Item_ItemExplainId_4010020	Icon_Tscl1_540	1	1	14	0	0	0	0		1	0	0	0	0	0	0	0	0	0	0	0	0	100	
4010021	Item_ItemNameId_4010021	Item_ItemExplainId_4010021	Icon_Tscl1_542	1	1	14	0	0	0	0		1	0	0	0	0	0	0	0	0	0	0	0	0	100	
4010022	Item_ItemNameId_4010022	Item_ItemExplainId_4010022	Icon_Tscl1_544	1	1	14	0	0	0	0		1	0	0	0	0	0	0	0	0	0	0	0	0	100	
4010023	Item_ItemNameId_4010023	Item_ItemExplainId_4010023	Icon_Tscl1_546	1	1	14	0	0	0	0		1	0	0	0	0	0	0	0	0	0	0	0	0	100	
4010024	Item_ItemNameId_4010024	Item_ItemExplainId_4010024	Icon_Tscl1_548	1	1	14	0	0	0	0		1	0	0	0	0	0	0	0	0	0	0	0	0	210	
4010025	Item_ItemNameId_4010025	Item_ItemExplainId_4010025	Icon_Tscl1_550	1	1	14	0	0	0	0		1	0	0	0	0	0	0	0	0	0	0	0	0	210	
4010026	Item_ItemNameId_4010026	Item_ItemExplainId_4010026	Icon_Tscl1_552	1	1	14	0	0	0	0		1	0	0	0	0	0	0	0	0	0	0	0	0	210	
4010027	Item_ItemNameId_4010027	Item_ItemExplainId_4010027	Icon_Tscl1_554	1	1	14	0	0	0	0		1	0	0	0	0	0	0	0	0	0	0	0	0	210	
4010028	Item_ItemNameId_4010028	Item_ItemExplainId_4010028	Icon_Tscl1_556	1	1	14	0	0	0	0		1	0	0	0	0	0	0	0	0	0	0	0	0	100	
4011001	Item_ItemNameId_4011001	Item_ItemExplainId_4011001	Icon_Tscl1_029	1	1	14	0	0	0	0		1	0	0	0	0	0	0	0	0	0	0	0	0	0	
4011002	Item_ItemNameId_4011002	Item_ItemExplainId_4011002	Icon_Tscl1_030	1	1	14	0	0	0	0		1	0	0	0	0	0	0	0	0	0	0	0	0	0	
4011003	Item_ItemNameId_4011003	Item_ItemExplainId_4011003	Icon_Tscl1_031	1	1	14	0	0	0	0		1	0	0	0	0	0	0	0	0	0	0	0	0	0	
4011004	Item_ItemNameId_4011004	Item_ItemExplainId_4011004	Icon_Tscl1_032	1	1	14	0	0	0	0		1	0	0	0	0	0	0	0	0	0	0	0	0	0	
4011005	Item_ItemNameId_4011005	Item_ItemExplainId_4011005	Icon_Tscl1_033	1	1	14	0	0	0	0		1	0	0	0	0	0	0	0	0	0	0	0	0	0	
4011006	Item_ItemNameId_4011006	Item_ItemExplainId_4011006	Icon_Tscl1_034	1	1	14	0	0	0	0		1	0	0	0	0	0	0	0	0	0	0	0	0	0	
4011007	Item_ItemNameId_4011007	Item_ItemExplainId_4011007	Icon_Tscl1_035	1	1	14	0	0	0	0		1	0	0	0	0	0	0	0	0	0	0	0	0	0	
4011008	Item_ItemNameId_4011008	Item_ItemExplainId_4011008	Icon_Tscl1_036	1	1	14	0	0	0	0		1	0	0	0	0	0	0	0	0	0	0	0	0	0	
4011009	Item_ItemNameId_4011009	Item_ItemExplainId_4011009	Icon_Tscl1_037	1	1	14	0	0	0	0		1	0	0	0	0	0	0	0	0	0	0	0	0	0	
4011010	Item_ItemNameId_4011010	Item_ItemExplainId_4011010	Icon_Tscl1_038	1	1	14	0	0	0	0		1	0	0	0	0	0	0	0	0	0	0	0	0	0	
4011011	Item_ItemNameId_4011011	Item_ItemExplainId_4011011	Icon_Tscl1_039	1	1	14	0	0	0	0		1	0	0	0	0	0	0	0	0	0	0	0	0	0	
4011012	Item_ItemNameId_4011012	Item_ItemExplainId_4011012	Icon_Tscl1_040	1	1	14	0	0	0	0		1	0	0	0	0	0	0	0	0	0	0	0	0	0	
4011013	Item_ItemNameId_4011013	Item_ItemExplainId_4011013	Icon_Tscl1_041	1	1	14	0	0	0	0		1	0	0	0	0	0	0	0	0	0	0	0	0	0	
4011014	Item_ItemNameId_4011014	Item_ItemExplainId_4011014	Icon_Tscl1_042	1	1	14	0	0	0	0		1	0	0	0	0	0	0	0	0	0	0	0	0	0	
4020000	Item_ItemNameId_4020000	Item_ItemExplainId_4020000	Icon_Tscl1_043	2	2	5	0	0	0	0		1	1	0	0	0	0	0	100	5000	5	0	0	15	0	1:0
4020001	Item_ItemNameId_4020001	Item_ItemExplainId_4020001	Icon_Tscl1_044	2	2	2	0	0	0	0		1	1	1	2	0	0	0	100	1600	6	0	0	10	0	1:10101,1:10203,1:10204,1:10303,1:10304,1:10405,1:10406,1:10407,1:10408,1:10805,1:10806,1:10807
4020002	Item_ItemNameId_4020002	Item_ItemExplainId_4020002	Icon_Tscl1_045	2	2	2	0	0	0	0		1	1	1	2	0	0	0	100	1600	6	0	0	10	0	1:10102,1:10205,1:10206,1:10305,1:10306,1:10402,1:10403,1:10404,1:10407,1:10408,1:10808,1:10809,1:10810
4020003	Item_ItemNameId_4020003	Item_ItemExplainId_4020003	Icon_Tscl1_046	2	2	2	0	0	0	0		1	1	1	2	0	0	0	100	1600	6	0	0	10	0	1:10103,1:10207,1:10208,1:10307,1:10308,1:10403,1:10404,1:10405,1:10406,1:10801,1:10802,1:10803,1:10804
4020004	Item_ItemNameId_4020004	Item_ItemExplainId_4020004	Icon_Tscl1_047	2	2	2	0	0	0	0		1	1	1	2	0	0	0	100	2400	6	0	0	10	0	1:10403,1:10404,1:10502,1:10503,1:10504,1:10605,1:10606,1:10607,1:10608,1:10609,1:10610,1:10708,1:10709,1:10710,1:11005,1:11006,1:11007
4020005	Item_ItemNameId_4020005	Item_ItemExplainId_4020005	Icon_Tscl1_048	2	2	2	0	0	0	0		1	1	1	2	0	0	0	100	2400	6	0	0	10	0	1:10405,1:10406,1:10508,1:10509,1:10510,1:10601,1:10602,1:10603,1:10604,1:10608,1:10609,1:10610,1:10705,1:10706,1:10707,1:11008,1:11009,1:11010
4020006	Item_ItemNameId_4020006	Item_ItemExplainId_4020006	Icon_Tscl1_049	2	2	2	0	0	0	0		1	1	1	2	0	0	0	100	2400	6	0	0	10	0	1:10407,1:10408,1:10505,1:10506,1:10507,1:10601,1:10602,1:10603,1:10604,1:10605,1:10606,1:10607,1:10701,1:10702,1:10703,1:10704,1:11001,1:11002,1:11003,1:11004
4020007	Item_ItemNameId_4020007	Item_ItemExplainId_4020007	Icon_Tscl1_050	2	2	5	0	0	0	0		1	1	1	3	0	0	0	100	4000	6	0	0	10	0	1:10601,1:10602,1:10603,1:10604,1:10701,1:10702,1:10703,1:10704,1:10808,1:10809,1:10810,1:10908,1:10909,1:10910,1:11205,1:11206,1:11207
4020008	Item_ItemNameId_4020008	Item_ItemExplainId_4020008	Icon_Tscl1_051	2	2	5	0	0	0	0		1	1	1	3	0	0	0	100	4000	6	0	0	10	0	1:10605,1:10606,1:10607,1:10708,1:10709,1:10710,1:10801,1:10802,1:10803,1:10804,1:10905,1:10906,1:10907,1:11208,1:11209,1:11210
4020009	Item_ItemNameId_4020009	Item_ItemExplainId_4020009	Icon_Tscl1_052	2	2	5	0	0	0	0		1	1	1	3	0	0	0	100	4000	6	0	0	10	0	1:10608,1:10609,1:10610,1:10705,1:10706,1:10707,1:10805,1:10806,1:10807,1:10901,1:10902,1:10903,1:10904,1:11201,1:11202,1:11203,1:11204
4020010	Item_ItemNameId_4020010	Item_ItemExplainId_4020010	Icon_Tscl1_053	2	2	5	0	0	0	0		1	1	1	3	0	0	0	100	6400	7	0	0	10	0	1:10801,1:10802,1:10803,1:10804,1:10901,1:10902,1:10903,1:10904,1:11008,1:11009,1:11010,1:11108,1:11109,1:11110,1:11405,1:11406,1:11407
4020011	Item_ItemNameId_4020011	Item_ItemExplainId_4020011	Icon_Tscl1_054	2	2	5	0	0	0	0		1	1	1	3	0	0	0	100	6400	7	0	0	10	0	1:10805,1:10806,1:10807,1:10908,1:10909,1:10910,1:11001,1:11002,1:11003,1:11004,1:11105,1:11106,1:11107,1:11408,1:11409,1:11410
4020012	Item_ItemNameId_4020012	Item_ItemExplainId_4020012	Icon_Tscl1_055	2	2	5	0	0	0	0		1	1	1	3	0	0	0	100	6400	7	0	0	10	0	1:10808,1:10809,1:10810,1:10905,1:10906,1:10907,1:11005,1:11006,1:11007,1:11101,1:11102,1:11103,1:11104,1:11401,1:11402,1:11403,1:11404
4020013	Item_ItemNameId_4020013	Item_ItemExplainId_4020013	Icon_Tscl1_056	2	2	5	0	0	0	0		1	1	1	3	0	0	0	100	8000	8	0	0	10	0	1:11001,1:11002,1:11003,1:11004,1:11101,1:11102,1:11103,1:11104,1:11605,1:11606,1:11607
4020014	Item_ItemNameId_4020014	Item_ItemExplainId_4020014	Icon_Tscl1_057	2	2	5	0	0	0	0		1	1	1	3	0	0	0	100	8000	8	0	0	10	0	1:11005,1:11006,1:11007,1:11108,1:11109,1:11110,1:11608,1:11609,1:11610
4020015	Item_ItemNameId_4020015	Item_ItemExplainId_4020015	Icon_Tscl1_058	2	2	5	0	0	0	0		1	1	1	3	0	0	0	100	8000	8	0	0	10	0	1:11008,1:11009,1:11010,1:11105,1:11106,1:11107,1:11601,1:11602,1:11603,1:11604
4020016	Item_ItemNameId_4020016	Item_ItemExplainId_4020016	Icon_Tscl1_059	2	2	9	0	0	0	0		1	1	1	4	0	0	0	100	9600	9	0	0	10	0	1:11201,1:11202,1:11203,1:11204,1:11301,1:11302,1:11303,1:11304,1:11805,1:11806,1:11807
4020017	Item_ItemNameId_4020017	Item_ItemExplainId_4020017	Icon_Tscl1_060	2	2	9	0	0	0	0		1	1	1	4	0	0	0	100	9600	9	0	0	10	0	1:11205,1:11206,1:11207,1:11305,1:11306,1:11307,1:11808,1:11809,1:11810
4020018	Item_ItemNameId_4020018	Item_ItemExplainId_4020018	Icon_Tscl1_061	2	2	9	0	0	0	0		1	1	1	4	0	0	0	100	9600	9	0	0	10	0	1:11208,1:11209,1:11210,1:11308,1:11309,1:11310,1:11801,1:11802,1:11803,1:11804
4020019	Item_ItemNameId_4020019	Item_ItemExplainId_4020019	Icon_Tscl1_062	2	2	9	0	0	0	0		1	1	1	4	0	0	0	100	12000	10	0	0	10	0	1:11401,1:11402,1:11403,1:11404,1:11501,1:11502,1:11503,1:11504,1:12005,1:12006,1:12007,1:12005,1:12006,1:12007
4020020	Item_ItemNameId_4020020	Item_ItemExplainId_4020020	Icon_Tscl1_063	2	2	9	0	0	0	0		1	1	1	4	0	0	0	100	12000	10	0	0	10	0	1:11405,1:11406,1:11407,1:11505,1:11506,1:11507,1:12008,1:12009,1:12010,1:12008,1:12009,1:12010
4020021	Item_ItemNameId_4020021	Item_ItemExplainId_4020021	Icon_Tscl1_064	2	2	9	0	0	0	0		1	1	1	4	0	0	0	100	12000	10	0	0	10	0	1:11408,1:11409,1:11410,1:11508,1:11509,1:11510,1:12001,1:12002,1:12003,1:12004,1:12001,1:12002,1:12003,1:12004
4020022	Item_ItemNameId_4020022	Item_ItemExplainId_4020022	Icon_Tscl1_065	2	2	9	0	0	0	0		1	1	1	4	0	0	0	100	14400	11	0	0	10	0	1:11601,1:11602,1:11603,1:11604,1:11701,1:11702,1:11703,1:11704
4020023	Item_ItemNameId_4020023	Item_ItemExplainId_4020023	Icon_Tscl1_066	2	2	9	0	0	0	0		1	1	1	4	0	0	0	100	14400	11	0	0	10	0	1:11605,1:11606,1:11607,1:11705,1:11706,1:11707
4020024	Item_ItemNameId_4020024	Item_ItemExplainId_4020024	Icon_Tscl1_067	2	2	9	0	0	0	0		1	1	1	4	0	0	0	100	14400	11	0	0	10	0	1:11608,1:11609,1:11610,1:11708,1:11709,1:11710
4020025	Item_ItemNameId_4020025	Item_ItemExplainId_4020025	Icon_Tscl1_068	2	2	9	0	0	0	0		1	1	1	4	0	0	0	100	16000	12	0	0	10	0	1:11801,1:11802,1:11803,1:11804
4020026	Item_ItemNameId_4020026	Item_ItemExplainId_4020026	Icon_Tscl1_069	2	2	9	0	0	0	0		1	1	1	4	0	0	0	100	16000	12	0	0	10	0	1:11805,1:11806,1:11807
4020027	Item_ItemNameId_4020027	Item_ItemExplainId_4020027	Icon_Tscl1_070	2	2	9	0	0	0	0		1	1	1	4	0	0	0	100	16000	12	0	0	10	0	1:11808,1:11809,1:11810
4020028	Item_ItemNameId_4020028	Item_ItemExplainId_4020028	Icon_Tscl1_071	2	2	14	0	0	0	0		1	1	1	5	0	0	0	100	17600	13	0	0	10	0	1:11901,1:11902,1:11903,1:11904
4020029	Item_ItemNameId_4020029	Item_ItemExplainId_4020029	Icon_Tscl1_072	2	2	14	0	0	0	0		1	1	1	5	0	0	0	100	17600	13	0	0	10	0	1:11905,1:11906,1:11907
4020030	Item_ItemNameId_4020030	Item_ItemExplainId_4020030	Icon_Tscl1_073	2	2	14	0	0	0	0		1	1	1	5	0	0	0	100	17600	13	0	0	10	0	1:11908,1:11909,1:11910
4020031	Item_ItemNameId_4020031	Item_ItemExplainId_4020031	Icon_Tscl1_074	2	2	14	0	0	0	0		1	1	1	5	0	0	0	100	20800	14	0	0	10	0	1:12001,1:12002,1:12003,1:12004,1:12001,1:12002,1:12003,1:12004
4020032	Item_ItemNameId_4020032	Item_ItemExplainId_4020032	Icon_Tscl1_075	2	2	14	0	0	0	0		1	1	1	5	0	0	0	100	20800	14	0	0	10	0	1:12005,1:12006,1:12007,1:12005,1:12006,1:12007
4020033	Item_ItemNameId_4020033	Item_ItemExplainId_4020033	Icon_Tscl1_076	2	2	14	0	0	0	0		1	1	1	5	0	0	0	100	20800	14	0	0	10	0	1:12008,1:12009,1:12010,1:12008,1:12009,1:12010
4020034	Item_ItemNameId_4020034	Item_ItemExplainId_4020034	Icon_Tscl1_077	2	2	14	0	0	0	0		1	1	1	5	0	0	0	100	20800	15	0	0	10	0	1:10101,1:10201
4020035	Item_ItemNameId_4020035	Item_ItemExplainId_4020035	Icon_Tscl1_078	2	2	14	0	0	0	0		1	1	1	5	0	0	0	100	20800	15	0	0	10	0	1:10101,1:10201
4020036	Item_ItemNameId_4020036	Item_ItemExplainId_4020036	Icon_Tscl1_079	2	2	14	0	0	0	0		1	1	1	5	0	0	0	100	20800	15	0	0	10	0	1:10101,1:10201
4020037	Item_ItemNameId_4020037	Item_ItemExplainId_4020037	Icon_Tscl1_079	2	2	14	0	0	0	0		1	1	1	5	0	0	0	100	24000	16	0	0	10	0	1:10101,1:10201
4020038	Item_ItemNameId_4020038	Item_ItemExplainId_4020038	Icon_Tscl1_079	2	2	14	0	0	0	0		1	1	1	5	0	0	0	100	24000	16	0	0	10	0	1:10101,1:10201
4020039	Item_ItemNameId_4020039	Item_ItemExplainId_4020039	Icon_Tscl1_079	2	2	14	0	0	0	0		1	1	1	5	0	0	0	100	24000	16	0	0	10	0	1:10101,1:10201
4030001	Item_ItemNameId_4030001	Item_ItemExplainId_4030001	Icon_Tscl1_083	3	2	1	0	0	0	0		1	1	1	3	0	0	0	10000	0	0	0	0	0	0	1:20101,1:20102,1:20103,1:20201,1:20202,1:20203,1:20204
4030002	Item_ItemNameId_4030002	Item_ItemExplainId_4030002	Icon_Tscl1_084	3	2	2	0	0	0	0		1	1	1	4	0	0	0	10500	0	0	0	0	0	0	1:20301,1:20302,1:20303,1:20304,1:20401,1:20402,1:20403,1:20404
4030003	Item_ItemNameId_4030003	Item_ItemExplainId_4030003	Icon_Tscl1_085	3	2	2	0	0	0	0		1	1	1	4	0	0	0	11000	0	0	0	0	0	0	1:20501,1:20502,1:20503,1:20504,1:20505,1:20601,1:20602,1:20603,1:20604,1:20605
4030004	Item_ItemNameId_4030004	Item_ItemExplainId_4030004	Icon_Tscl1_086	3	2	2	0	0	0	0		1	1	1	4	0	0	0	11500	0	0	0	0	0	0	1:20701,1:20702,1:20703,1:20704,1:20705
4030005	Item_ItemNameId_4030005	Item_ItemExplainId_4030005	Icon_Tscl1_087	3	2	5	0	0	0	0		1	1	1	6	0	0	0	12000	0	0	0	0	0	0	1:20801,1:20802,1:20803,1:20804,1:20805
4030006	Item_ItemNameId_4030006	Item_ItemExplainId_4030006	Icon_Tscl1_088	3	2	5	0	0	0	0		1	1	1	6	0	0	0	12500	0	0	0	0	0	0	1:20901,1:20902,1:20903,1:20904,1:20905
4030007	Item_ItemNameId_4030007	Item_ItemExplainId_4030007	Icon_Tscl1_089	3	2	5	0	0	0	0		1	1	1	6	0	0	0	13000	0	0	0	0	0	0	1:21001,1:21002,1:21003,1:21004,1:21005
4030008	Item_ItemNameId_4030008	Item_ItemExplainId_4030008	Icon_Tscl1_090	3	2	5	0	0	0	0		1	1	1	8	0	0	0	13500	0	0	0	0	0	0	1:21101,1:21102,1:21103,1:21104,1:21105
4030009	Item_ItemNameId_4030009	Item_ItemExplainId_4030009	Icon_Tscl1_091	3	2	9	0	0	0	0		1	1	1	8	0	0	0	14000	0	0	0	0	0	0	1:21201,1:21202,1:21203,1:21204,1:21205
4030010	Item_ItemNameId_4030010	Item_ItemExplainId_4030010	Icon_Tscl1_092	3	2	9	0	0	0	0		1	1	1	8	0	0	0	14500	0	0	0	0	0	0	1:21301,1:21302,1:21303,1:21304,1:21305
4030011	Item_ItemNameId_4030011	Item_ItemExplainId_4030011	Icon_Tscl1_093	3	2	9	0	0	0	0		1	1	1	10	0	0	0	15000	0	0	0	0	0	0	1:21401,1:21402,1:21403,1:21404,1:21405
4030012	Item_ItemNameId_4030012	Item_ItemExplainId_4030012	Icon_Tscl1_094	3	2	9	0	0	0	0		1	1	1	10	0	0	0	15500	0	0	0	0	0	0	1:21501,1:21502,1:21503,1:21504,1:21505
4030013	Item_ItemNameId_4030013	Item_ItemExplainId_4030013	Icon_Tscl1_095	3	2	9	0	0	0	0		1	1	1	10	0	0	0	16000	0	0	0	0	0	0	1:21601,1:21602,1:21603,1:21604,1:21605
4030014	Item_ItemNameId_4030014	Item_ItemExplainId_4030014	Icon_Tscl1_096	3	2	14	0	0	0	0		1	1	1	12	0	0	0	16500	0	0	0	0	0	0	1:21701,1:21702,1:21703,1:21704,1:21705
4030015	Item_ItemNameId_4030015	Item_ItemExplainId_4030015	Icon_Tscl1_097	3	2	14	0	0	0	0		1	1	1	12	0	0	0	17000	0	0	0	0	0	0	1:21801,1:21802,1:21803,1:21804,1:21805
4030016	Item_ItemNameId_4030016	Item_ItemExplainId_4030016	Icon_Tscl1_098	3	2	14	0	0	0	0		1	1	1	12	0	0	0	18000	0	0	0	0	0	0	1:21901,1:21902,1:21903,1:21904,1:21905
4030017	Item_ItemNameId_4030017	Item_ItemExplainId_4030017	Icon_Tscl1_099	3	2	14	0	0	0	0		1	1	1	14	0	0	0	19000	0	0	0	0	0	0	1:22001,1:22002,1:22003,1:22004,1:22005,1:22101,1:22102,1:22103,1:22104,1:22105
4030018	Item_ItemNameId_4030018	Item_ItemExplainId_4030018	Icon_Tscl1_100	3	2	14	0	0	0	0		1	1	1	14	0	0	0	20000	0	0	0	0	0	0	1:20101,1:20201
4030019	Item_ItemNameId_4030019	Item_ItemExplainId_4030019	Icon_Tscl1_100	3	2	14	0	0	0	0		1	1	1	14	0	0	0	21000	0	0	0	0	0	0	1:20101,1:20201
4040001	Item_ItemNameId_4040001	Item_ItemExplainId_4040001	Icon_Tscl1_102	4	2	2	0	0	0	0		1	1	0	0	0	30	0	100	30000	20	60	0	0	0	2:6,2:4
4040002	Item_ItemNameId_4040002	Item_ItemExplainId_4040002	Icon_Tscl1_103	4	2	5	0	0	0	0		1	1	0	0	0	150	0	100	150000	100	300	0	0	0	2:6,2:4
4040003	Item_ItemNameId_4040003	Item_ItemExplainId_4040003	Icon_Tscl1_104	4	2	9	0	0	0	0		1	1	0	0	0	500	0	100	450000	300	1000	0	0	0	2:6,2:4
4050001	Item_ItemNameId_4050001	Item_ItemExplainId_4050001	Icon_Tscl1_105	5	2	2	0	0	0	0		1	1	0	0	0	0	30	100	30000	20	0	60	0	0	2:6,2:4
4050002	Item_ItemNameId_4050002	Item_ItemExplainId_4050002	Icon_Tscl1_106	5	2	5	0	0	0	0		1	1	0	0	0	0	150	100	150000	100	0	300	0	0	2:6,2:4
4050003	Item_ItemNameId_4050003	Item_ItemExplainId_4050003	Icon_Tscl1_107	5	2	9	0	0	0	0		1	1	0	0	0	0	500	100	450000	300	0	1000	0	0	2:6,2:4
4060001	Item_ItemNameId_4060001	Item_ItemExplainId_4060001	Icon_Tscl1_107	6	2	2	1	14	5	0		1	1	0	0	0	0	0	100	2000	10	0	0	0	0	
4060002	Item_ItemNameId_4060002	Item_ItemExplainId_4060002	Icon_Tscl1_107	6	2	2	1	14	5	0		1	1	0	0	0	0	0	100	2000	10	0	0	0	0	
4060003	Item_ItemNameId_4060003	Item_ItemExplainId_4060003	Icon_Tscl1_107	6	2	2	1	14	5	0		1	1	0	0	0	0	0	100	2000	10	0	0	0	0	
4060004	Item_ItemNameId_4060004	Item_ItemExplainId_4060004	Icon_Tscl1_107	6	2	2	1	14	5	0		1	1	0	0	0	0	0	100	2000	10	0	0	0	0	
4060005	Item_ItemNameId_4060005	Item_ItemExplainId_4060005	Icon_Tscl1_107	6	2	2	1	14	5	0		1	1	0	0	0	0	0	100	2000	10	0	0	0	0	
4060006	Item_ItemNameId_4060006	Item_ItemExplainId_4060006	Icon_Tscl1_107	6	2	2	1	14	5	0		1	1	0	0	0	0	0	100	2000	10	0	0	0	0	
4060007	Item_ItemNameId_4060007	Item_ItemExplainId_4060007	Icon_Tscl1_107	6	2	2	1	14	5	0		1	1	0	0	0	0	0	100	2000	10	0	0	0	0	
4060008	Item_ItemNameId_4060008	Item_ItemExplainId_4060008	Icon_Tscl1_107	6	2	2	1	14	5	0		1	1	0	0	0	0	0	100	2000	10	0	0	0	0	
4060009	Item_ItemNameId_4060009	Item_ItemExplainId_4060009	Icon_Tscl1_107	6	2	2	1	14	5	0		1	1	0	0	0	0	0	100	2000	10	0	0	0	0	
4060010	Item_ItemNameId_4060010	Item_ItemExplainId_4060010	Icon_Tscl1_107	6	2	2	1	14	5	0		1	1	0	0	0	0	0	100	2000	10	0	0	0	0	
4060011	Item_ItemNameId_4060011	Item_ItemExplainId_4060011	Icon_Tscl1_107	6	2	2	1	14	5	0		1	1	0	0	0	0	0	100	2000	10	0	0	0	0	
4060012	Item_ItemNameId_4060012	Item_ItemExplainId_4060012	Icon_Tscl1_107	6	2	2	1	14	5	0		1	1	0	0	0	0	0	100	2000	10	0	0	0	0	
4060013	Item_ItemNameId_4060013	Item_ItemExplainId_4060013	Icon_Tscl1_107	6	2	2	1	14	5	0		1	1	0	0	0	0	0	100	2000	10	0	0	0	0	
4060014	Item_ItemNameId_4060014	Item_ItemExplainId_4060014	Icon_Tscl1_107	6	2	2	1	14	5	0		1	1	0	0	0	0	0	100	2000	10	0	0	0	0	
4060015	Item_ItemNameId_4060015	Item_ItemExplainId_4060015	Icon_Tscl1_107	6	2	2	1	14	5	0		1	1	0	0	0	0	0	100	2000	10	0	0	0	0	
4060016	Item_ItemNameId_4060016	Item_ItemExplainId_4060016	Icon_Tscl1_107	6	2	2	1	14	5	0		1	1	0	0	0	0	0	100	2000	10	0	0	0	0	
4060017	Item_ItemNameId_4060017	Item_ItemExplainId_4060017	Icon_Tscl1_107	6	2	2	1	14	5	0		1	1	0	0	0	0	0	100	2000	10	0	0	0	0	
4060018	Item_ItemNameId_4060018	Item_ItemExplainId_4060018	Icon_Tscl1_107	6	2	2	1	14	5	0		1	1	0	0	0	0	0	100	2000	10	0	0	0	0	
4060019	Item_ItemNameId_4060019	Item_ItemExplainId_4060019	Icon_Tscl1_107	6	2	2	1	14	5	0		1	1	0	0	0	0	0	100	2000	10	0	0	0	0	
4060020	Item_ItemNameId_4060020	Item_ItemExplainId_4060020	Icon_Tscl1_107	6	2	2	1	14	5	0		1	1	0	0	0	0	0	100	2000	10	0	0	0	0	
4060021	Item_ItemNameId_4060021	Item_ItemExplainId_4060021	Icon_Tscl1_107	6	2	2	1	14	5	0		1	1	0	0	0	0	0	100	2000	10	0	0	0	0	
4060022	Item_ItemNameId_4060022	Item_ItemExplainId_4060022	Icon_Tscl1_107	6	2	2	1	14	5	0		1	1	0	0	0	0	0	100	2000	10	0	0	0	0	
4060023	Item_ItemNameId_4060023	Item_ItemExplainId_4060023	Icon_Tscl1_107	6	2	2	1	14	5	0		1	1	0	0	0	0	0	100	2000	10	0	0	0	0	
4060024	Item_ItemNameId_4060024	Item_ItemExplainId_4060024	Icon_Tscl1_107	6	2	2	1	14	5	0		1	1	0	0	0	0	0	100	2000	10	0	0	0	0	
4060025	Item_ItemNameId_4060025	Item_ItemExplainId_4060025	Icon_Tscl1_107	6	2	2	1	14	5	0		1	1	0	0	0	0	0	100	2000	10	0	0	0	0	
4060026	Item_ItemNameId_4060026	Item_ItemExplainId_4060026	Icon_Tscl1_107	6	2	2	1	14	5	0		1	1	0	0	0	0	0	100	2000	10	0	0	0	0	
4060027	Item_ItemNameId_4060027	Item_ItemExplainId_4060027	Icon_Tscl1_107	6	2	2	1	14	5	0		1	1	0	0	0	0	0	100	2000	10	0	0	0	0	
4060028	Item_ItemNameId_4060028	Item_ItemExplainId_4060028	Icon_Tscl1_107	6	2	2	1	14	5	0		1	1	0	0	0	0	0	100	2000	10	0	0	0	0	
4060501	Item_ItemNameId_4060501	Item_ItemExplainId_4060501	Icon_Tscl1_107	6	2	5	1	14	20	0		1	1	0	0	0	0	0	100	10000	10	0	0	0	0	
4060502	Item_ItemNameId_4060502	Item_ItemExplainId_4060502	Icon_Tscl1_107	6	2	5	1	14	20	0		1	1	0	0	0	0	0	100	10000	10	0	0	0	0	
4060503	Item_ItemNameId_4060503	Item_ItemExplainId_4060503	Icon_Tscl1_107	6	2	5	1	14	20	0		1	1	0	0	0	0	0	100	10000	10	0	0	0	0	
4060504	Item_ItemNameId_4060504	Item_ItemExplainId_4060504	Icon_Tscl1_107	6	2	5	1	14	20	0		1	1	0	0	0	0	0	100	10000	10	0	0	0	0	
4060505	Item_ItemNameId_4060505	Item_ItemExplainId_4060505	Icon_Tscl1_107	6	2	5	1	14	20	0		1	1	0	0	0	0	0	100	10000	10	0	0	0	0	
4060506	Item_ItemNameId_4060506	Item_ItemExplainId_4060506	Icon_Tscl1_107	6	2	5	1	14	20	0		1	1	0	0	0	0	0	100	10000	10	0	0	0	0	
4060507	Item_ItemNameId_4060507	Item_ItemExplainId_4060507	Icon_Tscl1_107	6	2	5	1	14	20	0		1	1	0	0	0	0	0	100	10000	10	0	0	0	0	
4060508	Item_ItemNameId_4060508	Item_ItemExplainId_4060508	Icon_Tscl1_107	6	2	5	1	14	20	0		1	1	0	0	0	0	0	100	10000	10	0	0	0	0	
4060509	Item_ItemNameId_4060509	Item_ItemExplainId_4060509	Icon_Tscl1_107	6	2	5	1	14	20	0		1	1	0	0	0	0	0	100	10000	10	0	0	0	0	
4060510	Item_ItemNameId_4060510	Item_ItemExplainId_4060510	Icon_Tscl1_107	6	2	5	1	14	20	0		1	1	0	0	0	0	0	100	10000	10	0	0	0	0	
4060511	Item_ItemNameId_4060511	Item_ItemExplainId_4060511	Icon_Tscl1_107	6	2	5	1	14	20	0		1	1	0	0	0	0	0	100	10000	10	0	0	0	0	
4060512	Item_ItemNameId_4060512	Item_ItemExplainId_4060512	Icon_Tscl1_107	6	2	5	1	14	20	0		1	1	0	0	0	0	0	100	10000	10	0	0	0	0	
4060513	Item_ItemNameId_4060513	Item_ItemExplainId_4060513	Icon_Tscl1_107	6	2	5	1	14	20	0		1	1	0	0	0	0	0	100	10000	10	0	0	0	0	
4060514	Item_ItemNameId_4060514	Item_ItemExplainId_4060514	Icon_Tscl1_107	6	2	5	1	14	20	0		1	1	0	0	0	0	0	100	10000	10	0	0	0	0	
4060515	Item_ItemNameId_4060515	Item_ItemExplainId_4060515	Icon_Tscl1_107	6	2	5	1	14	20	0		1	1	0	0	0	0	0	100	10000	10	0	0	0	0	
4060516	Item_ItemNameId_4060516	Item_ItemExplainId_4060516	Icon_Tscl1_107	6	2	5	1	14	20	0		1	1	0	0	0	0	0	100	10000	10	0	0	0	0	
4060517	Item_ItemNameId_4060517	Item_ItemExplainId_4060517	Icon_Tscl1_107	6	2	5	1	14	20	0		1	1	0	0	0	0	0	100	10000	10	0	0	0	0	
4060518	Item_ItemNameId_4060518	Item_ItemExplainId_4060518	Icon_Tscl1_107	6	2	5	1	14	20	0		1	1	0	0	0	0	0	100	10000	10	0	0	0	0	
4060519	Item_ItemNameId_4060519	Item_ItemExplainId_4060519	Icon_Tscl1_107	6	2	5	1	14	20	0		1	1	0	0	0	0	0	100	10000	10	0	0	0	0	
4060520	Item_ItemNameId_4060520	Item_ItemExplainId_4060520	Icon_Tscl1_107	6	2	5	1	14	20	0		1	1	0	0	0	0	0	100	10000	10	0	0	0	0	
4060521	Item_ItemNameId_4060521	Item_ItemExplainId_4060521	Icon_Tscl1_107	6	2	5	1	14	20	0		1	1	0	0	0	0	0	100	10000	10	0	0	0	0	
4060522	Item_ItemNameId_4060522	Item_ItemExplainId_4060522	Icon_Tscl1_107	6	2	5	1	14	20	0		1	1	0	0	0	0	0	100	10000	10	0	0	0	0	
4060523	Item_ItemNameId_4060523	Item_ItemExplainId_4060523	Icon_Tscl1_107	6	2	5	1	14	20	0		1	1	0	0	0	0	0	100	10000	10	0	0	0	0	
4060524	Item_ItemNameId_4060524	Item_ItemExplainId_4060524	Icon_Tscl1_107	6	2	5	1	14	20	0		1	1	0	0	0	0	0	100	10000	10	0	0	0	0	
4060525	Item_ItemNameId_4060525	Item_ItemExplainId_4060525	Icon_Tscl1_107	6	2	5	1	14	20	0		1	1	0	0	0	0	0	100	10000	10	0	0	0	0	
4060526	Item_ItemNameId_4060526	Item_ItemExplainId_4060526	Icon_Tscl1_107	6	2	5	1	14	20	0		1	1	0	0	0	0	0	100	10000	10	0	0	0	0	
4060527	Item_ItemNameId_4060527	Item_ItemExplainId_4060527	Icon_Tscl1_107	6	2	5	1	14	20	0		1	1	0	0	0	0	0	100	10000	10	0	0	0	0	
4060528	Item_ItemNameId_4060528	Item_ItemExplainId_4060528	Icon_Tscl1_107	6	2	5	1	14	20	0		1	1	0	0	0	0	0	100	10000	10	0	0	0	0	
4061001	Item_ItemNameId_4061001	Item_ItemExplainId_4061001	Icon_Tscl1_107	6	2	9	1	14	60	0		1	1	0	0	0	0	0	100	60000	10	0	0	0	0	
4061002	Item_ItemNameId_4061002	Item_ItemExplainId_4061002	Icon_Tscl1_107	6	2	9	1	14	60	0		1	1	0	0	0	0	0	100	60000	10	0	0	0	0	
4061003	Item_ItemNameId_4061003	Item_ItemExplainId_4061003	Icon_Tscl1_107	6	2	9	1	14	60	0		1	1	0	0	0	0	0	100	60000	10	0	0	0	0	
4061004	Item_ItemNameId_4061004	Item_ItemExplainId_4061004	Icon_Tscl1_107	6	2	9	1	14	60	0		1	1	0	0	0	0	0	100	60000	10	0	0	0	0	
4061005	Item_ItemNameId_4061005	Item_ItemExplainId_4061005	Icon_Tscl1_107	6	2	9	1	14	60	0		1	1	0	0	0	0	0	100	60000	10	0	0	0	0	
4061006	Item_ItemNameId_4061006	Item_ItemExplainId_4061006	Icon_Tscl1_107	6	2	9	1	14	60	0		1	1	0	0	0	0	0	100	60000	10	0	0	0	0	
4061007	Item_ItemNameId_4061007	Item_ItemExplainId_4061007	Icon_Tscl1_107	6	2	9	1	14	60	0		1	1	0	0	0	0	0	100	60000	10	0	0	0	0	
4061008	Item_ItemNameId_4061008	Item_ItemExplainId_4061008	Icon_Tscl1_107	6	2	9	1	14	60	0		1	1	0	0	0	0	0	100	60000	10	0	0	0	0	
4061009	Item_ItemNameId_4061009	Item_ItemExplainId_4061009	Icon_Tscl1_107	6	2	9	1	14	60	0		1	1	0	0	0	0	0	100	60000	10	0	0	0	0	
4061010	Item_ItemNameId_4061010	Item_ItemExplainId_4061010	Icon_Tscl1_107	6	2	9	1	14	60	0		1	1	0	0	0	0	0	100	60000	10	0	0	0	0	
4061011	Item_ItemNameId_4061011	Item_ItemExplainId_4061011	Icon_Tscl1_107	6	2	9	1	14	60	0		1	1	0	0	0	0	0	100	60000	10	0	0	0	0	
4061012	Item_ItemNameId_4061012	Item_ItemExplainId_4061012	Icon_Tscl1_107	6	2	9	1	14	60	0		1	1	0	0	0	0	0	100	60000	10	0	0	0	0	
4061013	Item_ItemNameId_4061013	Item_ItemExplainId_4061013	Icon_Tscl1_107	6	2	9	1	14	60	0		1	1	0	0	0	0	0	100	60000	10	0	0	0	0	
4061014	Item_ItemNameId_4061014	Item_ItemExplainId_4061014	Icon_Tscl1_107	6	2	9	1	14	60	0		1	1	0	0	0	0	0	100	60000	10	0	0	0	0	
4061015	Item_ItemNameId_4061015	Item_ItemExplainId_4061015	Icon_Tscl1_107	6	2	9	1	14	60	0		1	1	0	0	0	0	0	100	60000	10	0	0	0	0	
4061016	Item_ItemNameId_4061016	Item_ItemExplainId_4061016	Icon_Tscl1_107	6	2	9	1	14	60	0		1	1	0	0	0	0	0	100	60000	10	0	0	0	0	
4061017	Item_ItemNameId_4061017	Item_ItemExplainId_4061017	Icon_Tscl1_107	6	2	9	1	14	60	0		1	1	0	0	0	0	0	100	60000	10	0	0	0	0	
4061018	Item_ItemNameId_4061018	Item_ItemExplainId_4061018	Icon_Tscl1_107	6	2	9	1	14	60	0		1	1	0	0	0	0	0	100	60000	10	0	0	0	0	
4061019	Item_ItemNameId_4061019	Item_ItemExplainId_4061019	Icon_Tscl1_107	6	2	9	1	14	60	0		1	1	0	0	0	0	0	100	60000	10	0	0	0	0	
4061020	Item_ItemNameId_4061020	Item_ItemExplainId_4061020	Icon_Tscl1_107	6	2	9	1	14	60	0		1	1	0	0	0	0	0	100	60000	10	0	0	0	0	
4061021	Item_ItemNameId_4061021	Item_ItemExplainId_4061021	Icon_Tscl1_107	6	2	9	1	14	60	0		1	1	0	0	0	0	0	100	60000	10	0	0	0	0	
4061022	Item_ItemNameId_4061022	Item_ItemExplainId_4061022	Icon_Tscl1_107	6	2	9	1	14	60	0		1	1	0	0	0	0	0	100	60000	10	0	0	0	0	
4061023	Item_ItemNameId_4061023	Item_ItemExplainId_4061023	Icon_Tscl1_107	6	2	9	1	14	60	0		1	1	0	0	0	0	0	100	60000	10	0	0	0	0	
4061024	Item_ItemNameId_4061024	Item_ItemExplainId_4061024	Icon_Tscl1_107	6	2	9	1	14	60	0		1	1	0	0	0	0	0	100	60000	10	0	0	0	0	
4061025	Item_ItemNameId_4061025	Item_ItemExplainId_4061025	Icon_Tscl1_107	6	2	9	1	14	60	0		1	1	0	0	0	0	0	100	60000	10	0	0	0	0	
4061026	Item_ItemNameId_4061026	Item_ItemExplainId_4061026	Icon_Tscl1_107	6	2	9	1	14	60	0		1	1	0	0	0	0	0	100	60000	10	0	0	0	0	
4061027	Item_ItemNameId_4061027	Item_ItemExplainId_4061027	Icon_Tscl1_107	6	2	9	1	14	60	0		1	1	0	0	0	0	0	100	60000	10	0	0	0	0	
4061028	Item_ItemNameId_4061028	Item_ItemExplainId_4061028	Icon_Tscl1_107	6	2	9	1	14	60	0		1	1	0	0	0	0	0	100	60000	10	0	0	0	0	
4070001	Item_ItemNameId_4070001	Item_ItemExplainId_4070001	head0001	7	3	9	0	0	0	1	100:1000001	1	0	1	15	0	0	0	0	0	40	0	0	0	0	1:20204,1:20603,1:20704,1:21105,1:21501,1:22002,1:22102
4070002	Item_ItemNameId_4070002	Item_ItemExplainId_4070002	head0002	7	3	9	0	0	0	1	50:1000002	1	0	1	15	0	0	0	0	50000	40	0	0	0	0	1:20202,1:21104,1:21904
4070003	Item_ItemNameId_4070003	Item_ItemExplainId_4070003	head0003	7	3	9	0	0	0	1	100:1000003	1	0	1	15	0	0	0	0	0	0	0	270	0	0	1:21503,1:21605
4070004	Item_ItemNameId_4070004	Item_ItemExplainId_4070004	head0004	7	3	9	0	0	0	1	50:1000004	1	0	1	15	0	0	0	0	50000	40	0	0	0	0	1:20502,1:20802,1:21602
4070005	Item_ItemNameId_4070005	Item_ItemExplainId_4070005	head0005	7	3	9	0	0	0	1	50:1000005	1	0	1	15	0	0	0	0	50000	50	0	160	0	0	1:20304,1:20503,1:21004,1:21203,1:22004,1:22104
4070006	Item_ItemNameId_4070006	Item_ItemExplainId_4070006	head0006	7	3	9	0	0	0	1	100:1000006	1	0	1	15	0	0	0	0	0	0	270	0	0	0	1:20805,1:21003,1:21604,1:21703
4070007	Item_ItemNameId_4070007	Item_ItemExplainId_4070007	head0007	7	3	9	0	0	0	1	100:1000007	1	0	1	15	0	0	0	0	0	40	0	0	0	0	1:21205,1:21805
4070008	Item_ItemNameId_4070008	Item_ItemExplainId_4070008	head0008	7	3	9	0	0	0	1	100:1000008	1	0	1	15	0	0	0	0	0	40	0	0	0	0	1:21005,1:21201
4070009	Item_ItemNameId_4070009	Item_ItemExplainId_4070009	head0009	7	3	9	0	0	0	1	100:1000009	1	0	1	15	0	0	0	0	0	50	0	0	240	0	1:20705,1:20903,1:21402,1:21804
4070010	Item_ItemNameId_4070010	Item_ItemExplainId_4070010	head0010	7	3	9	0	0	0	1	100:1000010	1	0	1	15	0	0	0	0	0	0	0	270	0	0	1:20605,1:21303,1:21405
4070011	Item_ItemNameId_4070011	Item_ItemExplainId_4070011	head0011	7	3	9	0	0	0	1	150:1000011	1	0	1	15	0	0	0	0	0	40	0	0	0	0	1:20904,1:21505
4070012	Item_ItemNameId_4070012	Item_ItemExplainId_4070012	head0012	7	3	14	0	0	0	1	150:1000012	1	0	1	15	0	0	0	0	0	0	0	0	0	0	
4070013	Item_ItemNameId_4070013	Item_ItemExplainId_4070013	head0013	7	3	14	0	0	0	1	150:1000013	1	0	1	15	0	0	0	0	0	0	0	0	0	0	
4070014	Item_ItemNameId_4070014	Item_ItemExplainId_4070014	head0014	7	3	14	0	0	0	1	150:1000014	1	0	1	15	0	0	0	0	0	40	0	0	0	0	
4070015	Item_ItemNameId_4070015	Item_ItemExplainId_4070015	head0015	7	3	14	0	0	0	1	150:1000015	1	0	1	15	0	0	0	0	0	0	0	0	0	0	
4070016	Item_ItemNameId_4070016	Item_ItemExplainId_4070016	head0016	7	3	9	0	0	0	1	100:1000016	1	0	1	15	0	0	0	0	0	40	0	0	0	0	1:20505,1:21301,1:21404,1:22005
4070017	Item_ItemNameId_4070017	Item_ItemExplainId_4070017	head0017	7	3	9	0	0	0	1	50:1000017	1	0	1	15	0	0	0	0	50000	50	0	160	0	0	1:20402,1:21002
4070018	Item_ItemNameId_4070018	Item_ItemExplainId_4070018	head0018	7	3	9	0	0	0	1	50:1000018	1	0	1	15	0	0	0	0	50000	40	0	0	0	0	1:20102,1:20401,1:20803,1:21102,1:21802
4070019	Item_ItemNameId_4070019	Item_ItemExplainId_4070019	head0019	7	3	9	0	0	0	1	150:1000019	1	0	1	15	0	0	0	0	0	0	270	0	0	0	1:21305,1:21403
4070020	Item_ItemNameId_4070020	Item_ItemExplainId_4070020	head0020	7	3	9	0	0	0	1	50:1000020	1	0	1	15	0	0	0	0	50000	40	0	0	0	0	1:20302,1:20804,1:21704
4070021	Item_ItemNameId_4070021	Item_ItemExplainId_4070021	head0021	7	3	9	0	0	0	1	50:1000021	1	0	1	15	0	0	0	0	50000	50	0	0	160	0	1:20604,1:21204,1:21902
4070022	Item_ItemNameId_4070022	Item_ItemExplainId_4070022	head0022	7	3	9	0	0	0	1	50:1000022	1	0	1	15	0	0	0	0	50000	50	0	0	160	0	1:20303,1:21103,1:21304
4070023	Item_ItemNameId_4070023	Item_ItemExplainId_4070023	head0023	7	3	9	0	0	0	1	50:1000023	1	0	1	15	0	0	0	0	50000	50	160	0	0	0	1:20404,1:20905
4070024	Item_ItemNameId_4070024	Item_ItemExplainId_4070024	head0024	7	3	9	0	0	0	1	100:1000024	1	0	1	15	0	0	0	0	50000	50	180	0	0	0	1:20602,1:20901,1:21502,1:21701
4070025	Item_ItemNameId_4070025	Item_ItemExplainId_4070025	head0025	7	3	9	0	0	0	1	50:1000025	1	0	1	15	0	0	0	0	50000	50	0	160	0	0	1:20504,1:20703,1:21202,1:21905
4070026	Item_ItemNameId_4070026	Item_ItemExplainId_4070026	head0026	7	3	9	0	0	0	1	100:1000026	1	0	1	15	0	0	0	0	0	40	0	0	0	0	1:21302,1:21702
4070027	Item_ItemNameId_4070027	Item_ItemExplainId_4070027	head0027	7	3	9	0	0	0	1	100:1000027	1	0	1	15	0	0	0	0	50000	50	160	0	0	0	1:20702,1:21504,1:21603,1:21705
4070028	Item_ItemNameId_4070028	Item_ItemExplainId_4070028	head0028	7	3	9	0	0	0	1	30:1000028	1	0	1	15	0	0	0	0	50000	50	0	0	160	0	1:20101,1:20403,1:20902
4080001	Item_ItemNameId_4080001	Item_ItemExplainId_4080001	Icon_Tscl1_220	8	4	2	0	0	0	0		1	1	1	1	100	0	0	100	0	1	3	3	0	0	
4080002	Item_ItemNameId_4080002	Item_ItemExplainId_4080002	Icon_Tscl1_221	8	4	2	0	0	0	0		1	1	1	2	300	0	0	100	0	2	10	10	0	0	
4080003	Item_ItemNameId_4080003	Item_ItemExplainId_4080003	Icon_Tscl1_222	8	4	5	0	0	0	0		1	1	1	3	1000	0	0	100	0	3	35	35	0	0	
4080004	Item_ItemNameId_4080004	Item_ItemExplainId_4080004	Icon_Tscl1_223	8	4	9	0	0	0	0		1	1	1	6	3000	0	0	100	0	10	100	100	0	0	
4080005	Item_ItemNameId_4080005	Item_ItemExplainId_4080005	Icon_Tscl1_224	8	4	9	0	0	0	0		1	1	1	12	10000	0	0	100	0	35	350	350	0	0	
4080006	Item_ItemNameId_4080006	Item_ItemExplainId_4080006	Icon_Tscl1_225	8	4	9	0	0	0	0		1	1	1	20	30000	0	0	100	0	100	1000	1000	0	0	
4090001	Item_ItemNameId_4090001	Item_ItemExplainId_4090001	Icon_Tscl1_226	9	4	1	0	0	0	0		1	1	0	0	0	0	0	500	0	0	0	0	0	0	
4090002	Item_ItemNameId_4090002	Item_ItemExplainId_4090002	Icon_Tscl1_227	9	4	2	0	0	0	0		1	1	0	0	0	0	0	1000	0	0	0	0	0	0	
4090003	Item_ItemNameId_4090003	Item_ItemExplainId_4090003	Icon_Tscl1_228	9	4	2	0	0	0	0		1	1	0	0	0	0	0	1000	0	0	0	0	0	0	
4090004	Item_ItemNameId_4090004	Item_ItemExplainId_4090004	Icon_Tscl1_229	9	4	5	0	0	0	0		1	1	0	0	0	0	0	3000	0	0	0	0	0	0	
4090005	Item_ItemNameId_4090005	Item_ItemExplainId_4090005	Icon_Tscl1_230	9	4	9	0	0	0	0		1	1	0	0	0	0	0	10000	0	0	0	0	0	0	
4090006	Item_ItemNameId_4090006	Item_ItemExplainId_4090006	Icon_Tscl1_231	9	4	1	0	0	0	0		1	1	0	0	0	0	0	100	0	0	0	0	0	0	
4090007	Item_ItemNameId_4090007	Item_ItemExplainId_4090007	Icon_Tscl1_232	9	4	1	0	0	0	0		1	1	0	0	0	0	0	500	0	0	0	0	0	0	
4090008	Item_ItemNameId_4090008	Item_ItemExplainId_4090008	Icon_Tscl1_233	9	4	1	0	0	0	0		1	1	0	0	0	0	0	1000	0	0	3	3	0	0	
4090009	Item_ItemNameId_4090009	Item_ItemExplainId_4090009	Icon_Tscl1_234	9	4	5	0	0	0	0		1	1	0	0	0	0	0	5000	0	0	15	15	0	0	
4090010	Item_ItemNameId_4090010	Item_ItemExplainId_4090010	Icon_Tscl1_235	9	4	5	0	0	0	0		1	1	0	0	0	0	0	10000	0	0	30	30	40	0	
4100001	Item_ItemNameId_4100001	Item_ItemExplainId_4100001	Icon_Tscl1_236	10	4	9	0	0	0	0		1	0	0	0	0	0	0	0	0	0	0	0	0	0	
4100002	Item_ItemNameId_4100002	Item_ItemExplainId_4100002	Icon_Tscl1_237	10	4	9	0	0	0	0		1	1	1	10	0	0	0	100	0	0	0	0	50	0	
4100003	Item_ItemNameId_4100003	Item_ItemExplainId_4100003	Icon_Tscl1_238	10	4	9	0	0	0	0		1	0	0	0	0	0	0	0	0	0	0	0	0	0	
4100004	Item_ItemNameId_4100004	Item_ItemExplainId_4100004	Icon_Tscl1_239	10	1	14	0	0	0	0		1	0	0	0	0	0	0	0	0	0	0	0	0	21	
4100005	Item_ItemNameId_4100005	Item_ItemExplainId_4100005	Icon_Tscl1_240	10	2	14	0	0	0	0		1	0	0	0	0	0	0	0	0	0	0	0	0	0	
4100006	Item_ItemNameId_4100006	Item_ItemExplainId_4100006	Icon_Tscl1_241	10	2	9	0	0	0	0		1	0	0	0	0	0	0	0	0	0	0	0	0	0	
4100007	Item_ItemNameId_4100007	Item_ItemExplainId_4100007	Icon_Tscl1_242	10	4	14	0	0	0	0		1	0	0	0	0	0	0	0	0	0	0	0	0	0	
4110001	Item_ItemNameId_4110001	Item_ItemExplainId_4110001	Icon_Tscl1_243	11	4	2	1	3	10	0		1	1	0	0	0	0	0	100	0	0	0	0	0	0	
4110002	Item_ItemNameId_4110002	Item_ItemExplainId_4110002	Icon_Tscl1_244	11	4	5	1	3	60	0		1	1	0	0	0	0	0	100	0	0	0	0	0	0	
4110101	Item_ItemNameId_4110101	Item_ItemExplainId_4110101	Icon_Tscl1_245	11	4	9	1	2	88	0		1	0	0	0	0	0	0	0	0	0	0	0	0	0	
4110102	Item_ItemNameId_4110102	Item_ItemExplainId_4110102	Icon_Tscl1_246	11	4	9	1	2	128	0		1	0	0	0	0	0	0	0	0	0	0	0	0	0	
4110103	Item_ItemNameId_4110103	Item_ItemExplainId_4110103	Icon_Tscl1_247	11	4	9	1	2	188	0		1	0	0	0	0	0	0	0	0	0	0	0	0	0	
4110104	Item_ItemNameId_4110104	Item_ItemExplainId_4110104	Icon_Tscl1_248	11	4	9	1	2	288	0		1	0	0	0	0	0	0	0	0	0	0	0	0	0	
4110105	Item_ItemNameId_4110105	Item_ItemExplainId_4110105	Icon_Tscl1_249	11	4	9	1	2	388	0		1	0	0	0	0	0	0	0	0	0	0	0	0	0	
4110106	Item_ItemNameId_4110106	Item_ItemExplainId_4110106	Icon_Tscl1_250	11	4	9	1	2	488	0		1	0	0	0	0	0	0	0	0	0	0	0	0	0	
4110107	Item_ItemNameId_4110107	Item_ItemExplainId_4110107	Icon_Tscl1_251	11	4	9	1	2	588	0		1	0	0	0	0	0	0	0	0	0	0	0	0	0	
4110201	Item_ItemNameId_4110201	Item_ItemExplainId_4110201	Icon_Tscl1_252	11	4	2	2	0	0	0		1	1	0	0	0	0	0	100	0	0	0	0	0	0	
4110202	Item_ItemNameId_4110202	Item_ItemExplainId_4110202	Icon_Tscl1_253	11	4	5	2	0	0	0		1	1	0	0	0	0	0	100	0	0	0	0	0	0	
4110203	Item_ItemNameId_4110203	Item_ItemExplainId_4110203	Icon_Tscl1_254	11	4	9	2	0	0	0		1	1	0	0	0	0	0	100	0	0	200	200	0	6	
4110204	Item_ItemNameId_4110204	Item_ItemExplainId_4110204	Icon_Tscl1_255	11	4	9	2	0	0	0		1	1	0	0	0	0	0	100	22500	15	0	0	0	0	
4110301	Item_ItemNameId_4110301	Item_ItemExplainId_4110301	Icon_Tscl1_256	11	4	9	2	0	0	0		1	1	0	0	0	0	0	100	0	0	0	0	0	0	
4100008	Item_ItemNameId_4100008	Item_ItemExplainId_4100008	Icon_Tscl1_257	10	4	14	0	0	0	0		1	0	0	0	0	0	0	0	0	0	0	0	0	0	
4140001	Item_ItemNameId_4100008	Item_ItemExplainId_4100008	Icon_Tscl1_258	14	4	9	0	0	0	0		1	0	1	5	0	0	0	0	0	0	0	0	0	0	
4110401	Item_ItemNameId_4110401	Item_ItemExplainId_4110401	Icon_Tscl1_253	11	4	5	2	20431	0	0		1	0	0	0	0	0	0	0	0	0	0	0	0	0	
4110402	Item_ItemNameId_4110402	Item_ItemExplainId_4110402	Icon_Tscl1_254	11	4	9	2	20432	0	0		1	0	0	0	0	0	0	0	0	0	0	0	0	0	
4999999	Item_ItemNameId_4110402	Item_ItemExplainId_4110402	Icon_Tscl1_254	14	4	14	2	50001	0	0		1	0	0	0	0	0	0	0	0	0	0	0	0	0	
4110501	Item_ItemNameId_4110501	Item_ItemExplainId_4110501	Icon_Tscl1_254	11	4	14	2	20435	0	0		1	0	0	0	0	0	0	0	0	0	0	0	0	0	
4110502	Item_ItemNameId_4110502	Item_ItemExplainId_4110502	Icon_Tscl1_254	11	4	14	2	20436	0	0		1	0	0	0	0	0	0	0	0	0	0	0	0	0	
4110503	Item_ItemNameId_4110503	Item_ItemExplainId_4110503	Icon_Tscl1_254	11	4	14	2	20437	0	0		1	0	0	0	0	0	0	0	0	0	0	0	0	0	
4110504	Item_ItemNameId_4110504	Item_ItemExplainId_4110504	Icon_Tscl1_254	11	4	5	2	20438	0	0		1	0	0	0	0	0	0	0	0	0	0	0	0	0	
4110505	Item_ItemNameId_4110505	Item_ItemExplainId_4110505	Icon_Tscl1_254	11	4	9	2	20439	0	0		1	0	0	0	0	0	0	0	0	0	0	0	0	0	
4110506	Item_ItemNameId_4110506	Item_ItemExplainId_4110506	Icon_Tscl1_254	11	4	14	2	20440	0	0		1	0	0	0	0	0	0	0	0	0	0	0	0	0	
4110507	Item_ItemNameId_4110507	Item_ItemExplainId_4110507	Icon_Tscl1_254	11	4	14	2	20452	0	0		1	0	0	0	0	0	0	0	0	0	0	0	0	0	
4110508	Item_ItemNameId_4110508	Item_ItemExplainId_4110508	Icon_Tscl1_254	11	4	14	2	20453	0	0		1	0	0	0	0	0	0	0	0	0	0	0	0	0	
4110509	Item_ItemNameId_4110509	Item_ItemExplainId_4110509	Icon_Tscl1_254	11	4	14	2	20454	0	0		1	0	0	0	0	0	0	0	0	0	0	0	0	0	
4110510	Item_ItemNameId_4110510	Item_ItemExplainId_4110510	Icon_Tscl1_254	11	4	14	2	20455	0	0		1	0	0	0	0	0	0	0	0	0	0	0	0	0	
4110511	Item_ItemNameId_4110511	Item_ItemExplainId_4110511	Icon_Tscl1_254	11	4	14	2	20456	0	0		1	0	0	0	0	0	0	0	0	0	0	0	0	0	
4110512	Item_ItemNameId_4110512	Item_ItemExplainId_4110512	Icon_Tscl1_254	11	4	14	2	20457	0	0		1	0	0	0	0	0	0	0	0	0	0	0	0	0	
