主ID	掉落库ID	概率	掉落类型	掉落ID	最小掉落	最大掉落
Id	LibraryId	DropRate	DropType	DropID	MinNum	MaxNum
int	int	int	int	int	int	int
1	1	10000	1	50	1	1
2	2	10000	1	100	1	1
3	3	10000	1	150	1	1
4	10	10000	1	51	1	1
5	11	10000	1	1	1	1
6	12	10000	2	4100002	15	30
7	13	10000	1	200	1	1
8	14	10000	1	150	1	1
9	15	10000	1	100	1	1
10	20	10000	1	250	1	1
11	21	10000	1	300	1	1
12	22	10000	1	301	1	1
13	23	10000	1	201	1	1
14	24	10000	2	4100004	1	1
15	10000	10000	2	4080001	1	3
16	10000	10000	2	4080002	1	3
17	10000	10000	2	4090006	1	3
18	10000	10000	2	4090007	1	3
19	10000	10000	2	4020000	1	3
20	10001	10000	2	4020001	1	3
21	10001	10000	2	4080001	1	3
22	10001	10000	2	4080002	1	3
23	10001	10000	2	4090006	1	3
24	10001	10000	2	4090007	1	3
25	10001	10000	2	4020000	1	3
26	10002	10000	2	4020002	1	3
27	10002	10000	2	4080001	1	3
28	10002	10000	2	4080002	1	3
29	10002	10000	2	4090006	1	3
30	10002	10000	2	4090007	1	3
31	10002	10000	2	4020000	1	3
32	10003	10000	2	4020002	1	3
33	10003	10000	2	4080001	1	3
34	10003	10000	2	4080002	1	3
35	10003	10000	2	4090006	1	3
36	10003	10000	2	4090007	1	3
37	10003	10000	2	4020000	1	3
38	10004	10000	2	4020004	1	3
39	10004	10000	2	4020002	1	3
40	10004	10000	2	4020003	1	3
41	10004	10000	2	4080001	1	3
42	10004	10000	2	4080002	1	3
43	10004	10000	2	4090006	1	3
44	10004	10000	2	4090007	1	3
45	10004	10000	2	4020000	1	3
46	10005	10000	2	4020005	1	3
47	10005	10000	2	4020001	1	3
48	10005	10000	2	4020003	1	3
49	10005	10000	2	4080001	1	3
50	10005	10000	2	4080002	1	3
51	10005	10000	2	4090006	1	3
52	10005	10000	2	4090007	1	3
53	10005	10000	2	4020000	1	3
54	10006	7000	2	4020005	1	3
55	10006	3000	2	4020001	1	3
56	10006	3000	2	4020002	1	3
57	10006	6000	2	4080001	1	3
58	10006	1000	2	4080002	1	3
59	10006	6000	2	4090006	1	3
60	10006	1000	2	4090007	1	3
61	10006	8000	2	4020000	1	3
62	10007	7000	2	4020004	1	3
63	10007	6000	2	4080001	1	3
64	10007	1000	2	4080002	1	3
65	10007	6000	2	4090006	1	3
66	10007	1000	2	4090007	1	3
67	10007	8000	2	4020000	1	3
68	10008	7000	2	4020006	1	3
69	10008	6000	2	4080001	1	3
70	10008	1000	2	4080002	1	3
71	10008	6000	2	4090006	1	3
72	10008	1000	2	4090007	1	3
73	10008	8000	2	4020000	1	3
74	10009	7000	2	4020005	1	3
75	10009	6000	2	4080001	1	3
76	10009	1000	2	4080002	1	3
77	10009	6000	2	4090006	1	3
78	10009	1000	2	4090007	1	3
79	10009	8000	2	4020000	1	3
80	10010	7000	2	4020007	1	3
81	10010	3000	2	4020005	1	3
82	10010	3000	2	4020006	1	3
83	10010	6000	2	4080001	1	3
84	10010	1000	2	4080002	1	3
85	10010	6000	2	4090006	1	3
86	10010	1000	2	4090007	1	3
87	10010	8000	2	4020000	1	3
88	10011	7000	2	4020008	1	3
89	10011	3000	2	4020004	1	3
90	10011	3000	2	4020006	1	3
91	10011	6000	2	4080001	1	3
92	10011	1000	2	4080002	1	3
93	10011	6000	2	4090006	1	3
94	10011	1000	2	4090007	1	3
95	10011	8000	2	4020000	1	3
96	10012	7000	2	4020009	1	3
97	10012	3000	2	4020004	1	3
98	10012	3000	2	4020006	1	3
99	10012	6000	2	4080001	1	3
100	10012	1000	2	4080002	1	3
101	10012	6000	2	4090006	1	3
102	10012	1000	2	4090007	1	3
103	10012	8000	2	4020000	1	3
104	10013	7000	2	4020007	1	3
105	10013	3000	2	4020006	1	3
106	10013	6000	2	4080001	1	3
107	10013	1000	2	4080002	1	3
108	10013	6000	2	4090006	1	3
109	10013	1000	2	4090007	1	3
110	10013	8000	2	4020000	1	3
111	10014	7000	2	4020009	1	3
112	10014	3000	2	4020005	1	3
113	10014	6000	2	4080001	1	3
114	10014	1000	2	4080002	1	3
115	10014	6000	2	4090006	1	3
116	10014	1000	2	4090007	1	3
117	10014	8000	2	4020000	1	3
118	10015	7000	2	4020008	1	3
119	10015	3000	2	4020004	1	3
120	10015	6000	2	4080001	1	3
121	10015	1000	2	4080002	1	3
122	10015	6000	2	4090006	1	3
123	10015	1000	2	4090007	1	3
124	10015	8000	2	4020000	1	3
125	10016	7000	2	4020010	1	3
126	10016	4000	2	4020008	1	3
127	10016	3000	2	4020003	1	3
128	10016	6000	2	4080001	1	3
129	10016	1000	2	4080002	1	3
130	10016	6000	2	4090006	1	3
131	10016	1000	2	4090007	1	3
132	10016	8000	2	4020000	1	3
133	10017	7000	2	4020011	1	3
134	10017	4000	2	4020009	1	3
135	10017	3000	2	4020001	1	3
136	10017	6000	2	4080001	1	3
137	10017	1000	2	4080002	1	3
138	10017	6000	2	4090006	1	3
139	10017	1000	2	4090007	1	3
140	10017	8000	2	4020000	1	3
141	10018	7000	2	4020012	1	3
142	10018	4000	2	4020007	1	3
143	10018	3000	2	4020002	1	3
144	10018	6000	2	4080001	1	3
145	10018	1000	2	4080002	1	3
146	10018	6000	2	4090006	1	3
147	10018	1000	2	4090007	1	3
148	10018	8000	2	4020000	1	3
149	10019	7000	2	4020010	1	3
150	10019	3000	2	4020009	1	3
151	10019	6000	2	4080001	1	3
152	10019	1000	2	4080002	1	3
153	10019	6000	2	4090006	1	3
154	10019	1000	2	4090007	1	3
155	10019	8000	2	4020000	1	3
156	10020	7000	2	4020012	1	3
157	10020	3000	2	4020008	1	3
158	10020	6000	2	4080001	1	3
159	10020	1000	2	4080002	1	3
160	10020	6000	2	4090006	1	3
161	10020	1000	2	4090007	1	3
162	10020	8000	2	4020000	1	3
163	10021	7000	2	4020011	1	3
164	10021	3000	2	4020007	1	3
165	10021	6000	2	4080001	1	3
166	10021	1000	2	4080002	1	3
167	10021	6000	2	4090006	1	3
168	10021	1000	2	4090007	1	3
169	10021	8000	2	4020000	1	3
170	10022	7000	2	4020013	1	3
171	10022	4000	2	4020011	1	3
172	10022	3000	2	4020006	1	3
173	10022	6000	2	4080001	1	3
174	10022	1000	2	4080002	1	3
175	10022	6000	2	4090006	1	3
176	10022	1000	2	4090007	1	3
177	10022	8000	2	4020000	1	3
178	10023	7000	2	4020014	1	3
179	10023	4000	2	4020012	1	3
180	10023	3000	2	4020004	1	3
181	10023	6000	2	4080001	1	3
182	10023	1000	2	4080002	1	3
183	10023	6000	2	4090006	1	3
184	10023	1000	2	4090007	1	3
185	10023	8000	2	4020000	1	3
186	10024	7000	2	4020015	1	3
187	10024	4000	2	4020010	1	3
188	10024	3000	2	4020005	1	3
189	10024	6000	2	4080001	1	3
190	10024	1000	2	4080002	1	3
191	10024	6000	2	4090006	1	3
192	10024	1000	2	4090007	1	3
193	10024	8000	2	4020000	1	3
194	10025	7000	2	4020013	1	3
195	10025	3000	2	4020012	1	3
196	10025	6000	2	4080001	1	3
197	10025	1000	2	4080002	1	3
198	10025	6000	2	4090006	1	3
199	10025	1000	2	4090007	1	3
200	10025	8000	2	4020000	1	3
201	10026	7000	2	4020015	1	3
202	10026	3000	2	4020011	1	3
203	10026	6000	2	4080001	1	3
204	10026	1000	2	4080002	1	3
205	10026	6000	2	4090006	1	3
206	10026	1000	2	4090007	1	3
207	10026	8000	2	4020000	1	3
208	10027	7000	2	4020014	1	3
209	10027	3000	2	4020010	1	3
210	10027	6000	2	4080001	1	3
211	10027	1000	2	4080002	1	3
212	10027	6000	2	4090006	1	3
213	10027	1000	2	4090007	1	3
214	10027	8000	2	4020000	1	3
215	10028	7000	2	4020016	1	3
216	10028	3000	2	4020009	1	3
217	10028	6000	2	4080001	1	3
218	10028	1000	2	4080002	1	3
219	10028	6000	2	4090006	1	3
220	10028	1000	2	4090007	1	3
221	10028	8000	2	4020000	1	3
222	10029	7000	2	4020017	1	3
223	10029	3000	2	4020007	1	3
224	10029	6000	2	4080001	1	3
225	10029	1000	2	4080002	1	3
226	10029	6000	2	4090006	1	3
227	10029	1000	2	4090007	1	3
228	10029	8000	2	4020000	1	3
229	10030	7000	2	4020018	1	3
230	10030	3000	2	4020008	1	3
231	10030	6000	2	4080001	1	3
232	10030	1000	2	4080002	1	3
233	10030	6000	2	4090006	1	3
234	10030	1000	2	4090007	1	3
235	10030	8000	2	4020000	1	3
236	10031	7000	2	4020016	1	3
237	10031	6000	2	4080001	1	3
238	10031	1000	2	4080002	1	3
239	10031	6000	2	4090006	1	3
240	10031	1000	2	4090007	1	3
241	10031	8000	2	4020000	1	3
242	10032	7000	2	4020016	1	3
243	10032	6000	2	4080001	1	3
244	10032	1000	2	4080002	1	3
245	10032	6000	2	4090006	1	3
246	10032	1000	2	4090007	1	3
247	10032	8000	2	4020000	1	3
248	10033	7000	2	4020018	1	3
249	10033	6000	2	4080001	1	3
250	10033	1000	2	4080002	1	3
251	10033	6000	2	4090006	1	3
252	10033	1000	2	4090007	1	3
253	10033	8000	2	4020000	1	3
254	10034	7000	2	4020019	1	3
255	10034	3000	2	4020012	1	3
256	10034	6000	2	4080001	1	3
257	10034	1000	2	4080002	1	3
258	10034	6000	2	4090006	1	3
259	10034	1000	2	4090007	1	3
260	10034	8000	2	4020000	1	3
261	10035	7000	2	4020020	1	3
262	10035	3000	2	4020010	1	3
263	10035	6000	2	4080001	1	3
264	10035	1000	2	4080002	1	3
265	10035	6000	2	4090006	1	3
266	10035	1000	2	4090007	1	3
267	10035	8000	2	4020000	1	3
268	10036	7000	2	4020021	1	3
269	10036	3000	2	4020011	1	3
270	10036	6000	2	4080001	1	3
271	10036	1000	2	4080002	1	3
272	10036	6000	2	4090006	1	3
273	10036	1000	2	4090007	1	3
274	10036	8000	2	4020000	1	3
275	10037	7000	2	4020019	1	3
276	10037	6000	2	4080001	1	3
277	10037	1000	2	4080002	1	3
278	10037	6000	2	4090006	1	3
279	10037	1000	2	4090007	1	3
280	10037	8000	2	4020000	1	3
281	10038	7000	2	4020020	1	3
282	10038	6000	2	4080001	1	3
283	10038	1000	2	4080002	1	3
284	10038	6000	2	4090006	1	3
285	10038	1000	2	4090007	1	3
286	10038	8000	2	4020000	1	3
287	10039	7000	2	4020021	1	3
288	10039	6000	2	4080001	1	3
289	10039	1000	2	4080002	1	3
290	10039	6000	2	4090006	1	3
291	10039	1000	2	4090007	1	3
292	10039	8000	2	4020000	1	3
293	10040	7000	2	4020022	1	3
294	10040	3000	2	4020015	1	3
295	10040	6000	2	4080001	1	3
296	10040	1000	2	4080002	1	3
297	10040	6000	2	4090006	1	3
298	10040	1000	2	4090007	1	3
299	10040	8000	2	4020000	1	3
300	10041	7000	2	4020023	1	3
301	10041	3000	2	4020013	1	3
302	10041	6000	2	4080001	1	3
303	10041	1000	2	4080002	1	3
304	10041	6000	2	4090006	1	3
305	10041	1000	2	4090007	1	3
306	10041	8000	2	4020000	1	3
307	10042	7000	2	4020024	1	3
308	10042	3000	2	4020014	1	3
309	10042	6000	2	4080001	1	3
310	10042	1000	2	4080002	1	3
311	10042	6000	2	4090006	1	3
312	10042	1000	2	4090007	1	3
313	10042	8000	2	4020000	1	3
314	10043	7000	2	4020022	1	3
315	10043	6000	2	4080001	1	3
316	10043	1000	2	4080002	1	3
317	10043	6000	2	4090006	1	3
318	10043	1000	2	4090007	1	3
319	10043	8000	2	4020000	1	3
320	10044	7000	2	4020023	1	3
321	10044	6000	2	4080001	1	3
322	10044	1000	2	4080002	1	3
323	10044	6000	2	4090006	1	3
324	10044	1000	2	4090007	1	3
325	10044	8000	2	4020000	1	3
326	10045	7000	2	4020024	1	3
327	10045	6000	2	4080001	1	3
328	10045	1000	2	4080002	1	3
329	10045	6000	2	4090006	1	3
330	10045	1000	2	4090007	1	3
331	10045	8000	2	4020000	1	3
332	10046	7000	2	4020025	1	3
333	10046	3000	2	4020018	1	3
334	10046	6000	2	4080001	1	3
335	10046	1000	2	4080002	1	3
336	10046	6000	2	4090006	1	3
337	10046	1000	2	4090007	1	3
338	10046	8000	2	4020000	1	3
339	10047	7000	2	4020026	1	3
340	10047	3000	2	4020016	1	3
341	10047	6000	2	4080001	1	3
342	10047	1000	2	4080002	1	3
343	10047	6000	2	4090006	1	3
344	10047	1000	2	4090007	1	3
345	10047	8000	2	4020000	1	3
346	10048	7000	2	4020027	1	3
347	10048	3000	2	4020017	1	3
348	10048	6000	2	4080001	1	3
349	10048	1000	2	4080002	1	3
350	10048	6000	2	4090006	1	3
351	10048	1000	2	4090007	1	3
352	10048	8000	2	4020000	1	3
353	10049	7000	2	4020028	1	3
354	10049	6000	2	4080001	1	3
355	10049	1000	2	4080002	1	3
356	10049	6000	2	4090006	1	3
357	10049	1000	2	4090007	1	3
358	10049	8000	2	4020000	1	3
359	10050	7000	2	4020029	1	3
360	10050	6000	2	4080001	1	3
361	10050	1000	2	4080002	1	3
362	10050	6000	2	4090006	1	3
363	10050	1000	2	4090007	1	3
364	10050	8000	2	4020000	1	3
365	10051	7000	2	4020030	1	3
366	10051	6000	2	4080001	1	3
367	10051	1000	2	4080002	1	3
368	10051	6000	2	4090006	1	3
369	10051	1000	2	4090007	1	3
370	10051	8000	2	4020000	1	3
371	10052	7000	2	4020031	1	3
372	10052	3000	2	4020021	1	3
373	10052	6000	2	4080001	1	3
374	10052	1000	2	4080002	1	3
375	10052	6000	2	4090006	1	3
376	10052	1000	2	4090007	1	3
377	10052	8000	2	4020000	1	3
378	10053	7000	2	4020032	1	3
379	10053	3000	2	4020019	1	3
380	10053	6000	2	4080001	1	3
381	10053	1000	2	4080002	1	3
382	10053	6000	2	4090006	1	3
383	10053	1000	2	4090007	1	3
384	10053	8000	2	4020000	1	3
385	10054	7000	2	4020033	1	3
386	10054	3000	2	4020020	1	3
387	10054	6000	2	4080001	1	3
388	10054	1000	2	4080002	1	3
389	10054	6000	2	4090006	1	3
390	10054	1000	2	4090007	1	3
391	10054	8000	2	4020000	1	3
392	10055	7000	2	4020034	1	3
393	10055	6000	2	4080001	1	3
394	10055	1000	2	4080002	1	3
395	10055	6000	2	4090006	1	3
396	10055	1000	2	4090007	1	3
397	10055	8000	2	4020000	1	3
398	10056	7000	2	4020035	1	3
399	10056	6000	2	4080001	1	3
400	10056	1000	2	4080002	1	3
401	10056	6000	2	4090006	1	3
402	10056	1000	2	4090007	1	3
403	10056	8000	2	4020000	1	3
404	10057	7000	2	4020036	1	3
405	10057	6000	2	4080001	1	3
406	10057	1000	2	4080002	1	3
407	10057	6000	2	4090006	1	3
408	10057	1000	2	4090007	1	3
409	10057	8000	2	4020000	1	3
410	20001	4000	2	4070028	1	1
411	20001	5000	2	4030001	1	1
412	20001	5000	2	4020001	1	3
413	20001	5000	2	4020002	1	3
414	20001	5000	2	4020003	1	3
415	20001	6000	2	4080001	1	3
416	20001	1000	2	4080002	1	3
417	20001	6000	2	4090006	1	3
418	20001	1000	2	4090007	1	3
419	20001	8000	2	4020000	1	3
420	20002	5000	2	4030001	1	1
421	20002	5000	2	4020001	1	3
422	20002	5000	2	4020002	1	3
423	20002	5000	2	4020003	1	3
424	20002	6000	2	4080001	1	3
425	20002	1000	2	4080002	1	3
426	20002	6000	2	4090006	1	3
427	20002	1000	2	4090007	1	3
428	20002	8000	2	4020000	1	3
429	20003	4000	2	4070018	1	1
430	20003	5000	2	4030001	1	1
431	20003	5000	2	4020001	1	3
432	20003	5000	2	4020002	1	3
433	20003	5000	2	4020003	1	3
434	20003	6000	2	4080001	1	3
435	20003	1000	2	4080002	1	3
436	20003	6000	2	4090006	1	3
437	20003	1000	2	4090007	1	3
438	20003	8000	2	4020000	1	3
439	20004	5000	2	4030001	1	1
440	20004	5000	2	4020001	1	3
441	20004	5000	2	4020002	1	3
442	20004	5000	2	4020003	1	3
443	20004	6000	2	4080001	1	3
444	20004	1000	2	4080002	1	3
445	20004	6000	2	4090006	1	3
446	20004	1000	2	4090007	1	3
447	20004	8000	2	4020000	1	3
448	20005	4000	2	4070002	1	1
449	20005	5000	2	4030001	1	1
450	20005	5000	2	4020001	1	3
451	20005	5000	2	4020002	1	3
452	20005	5000	2	4020003	1	3
453	20005	6000	2	4080001	1	3
454	20005	1000	2	4080002	1	3
455	20005	6000	2	4090006	1	3
456	20005	1000	2	4090007	1	3
457	20005	8000	2	4020000	1	3
458	20006	5000	2	4030001	1	1
459	20006	5000	2	4020001	1	3
460	20006	5000	2	4020002	1	3
461	20006	5000	2	4020003	1	3
462	20006	6000	2	4080001	1	3
463	20006	1000	2	4080002	1	3
464	20006	6000	2	4090006	1	3
465	20006	1000	2	4090007	1	3
466	20006	8000	2	4020000	1	3
467	20007	4000	2	4070001	1	1
468	20007	5000	2	4030001	1	1
469	20007	5000	2	4020001	1	3
470	20007	5000	2	4020002	1	3
471	20007	5000	2	4020003	1	3
472	20007	6000	2	4080001	1	3
473	20007	1000	2	4080002	1	3
474	20007	6000	2	4090006	1	3
475	20007	1000	2	4090007	1	3
476	20007	8000	2	4020000	1	3
477	20008	5000	2	4030002	1	1
478	20008	5000	2	4020001	1	3
479	20008	5000	2	4020002	1	3
480	20008	5000	2	4020003	1	3
481	20008	6000	2	4080001	1	3
482	20008	1000	2	4080002	1	3
483	20008	6000	2	4090006	1	3
484	20008	1000	2	4090007	1	3
485	20008	8000	2	4020000	1	3
486	20009	4000	2	4070020	1	1
487	20009	5000	2	4030002	1	1
488	20009	5000	2	4020001	1	3
489	20009	5000	2	4020002	1	3
490	20009	5000	2	4020003	1	3
491	20009	6000	2	4080001	1	3
492	20009	1000	2	4080002	1	3
493	20009	6000	2	4090006	1	3
494	20009	1000	2	4090007	1	3
495	20009	8000	2	4020000	1	3
496	20010	4000	2	4070022	1	1
497	20010	5000	2	4030002	1	1
498	20010	5000	2	4020001	1	3
499	20010	5000	2	4020002	1	3
500	20010	5000	2	4020003	1	3
501	20010	6000	2	4080001	1	3
502	20010	1000	2	4080002	1	3
503	20010	6000	2	4090006	1	3
504	20010	1000	2	4090007	1	3
505	20010	8000	2	4020000	1	3
506	20011	4000	2	4070005	1	1
507	20011	5000	2	4030002	1	1
508	20011	5000	2	4020001	1	3
509	20011	5000	2	4020002	1	3
510	20011	5000	2	4020003	1	3
511	20011	6000	2	4080001	1	3
512	20011	1000	2	4080002	1	3
513	20011	6000	2	4090006	1	3
514	20011	1000	2	4090007	1	3
515	20011	8000	2	4020000	1	3
516	20012	5000	2	4030002	1	1
517	20012	5000	2	4020004	1	3
518	20012	5000	2	4020005	1	3
519	20012	5000	2	4020006	1	3
520	20012	6000	2	4080001	1	3
521	20012	1000	2	4080002	1	3
522	20012	6000	2	4090006	1	3
523	20012	1000	2	4090007	1	3
524	20012	8000	2	4020000	1	3
525	20013	4000	2	4070017	1	1
526	20013	5000	2	4030002	1	1
527	20013	5000	2	4020004	1	3
528	20013	5000	2	4020005	1	3
529	20013	5000	2	4020006	1	3
530	20013	6000	2	4080001	1	3
531	20013	1000	2	4080002	1	3
532	20013	6000	2	4090006	1	3
533	20013	1000	2	4090007	1	3
534	20013	8000	2	4020000	1	3
535	20014	4000	2	4070028	1	1
536	20014	5000	2	4030002	1	1
537	20014	5000	2	4020004	1	3
538	20014	5000	2	4020005	1	3
539	20014	5000	2	4020006	1	3
540	20014	6000	2	4080001	1	3
541	20014	1000	2	4080002	1	3
542	20014	6000	2	4090006	1	3
543	20014	1000	2	4090007	1	3
544	20014	8000	2	4020000	1	3
545	20015	4000	2	4070023	1	1
546	20015	5000	2	4030002	1	1
547	20015	5000	2	4020004	1	3
548	20015	5000	2	4020005	1	3
549	20015	5000	2	4020006	1	3
550	20015	6000	2	4080001	1	3
551	20015	1000	2	4080002	1	3
552	20015	6000	2	4090006	1	3
553	20015	1000	2	4090007	1	3
554	20015	8000	2	4020000	1	3
555	20016	5000	2	4030003	1	1
556	20016	5000	2	4020004	1	3
557	20016	5000	2	4020005	1	3
558	20016	5000	2	4020006	1	3
559	20016	6000	2	4080001	1	3
560	20016	1000	2	4080002	1	3
561	20016	6000	2	4090006	1	3
562	20016	1000	2	4090007	1	3
563	20016	8000	2	4020000	1	3
564	20017	4000	2	4070004	1	1
565	20017	5000	2	4030003	1	1
566	20017	5000	2	4020004	1	3
567	20017	5000	2	4020005	1	3
568	20017	5000	2	4020006	1	3
569	20017	6000	2	4080001	1	3
570	20017	1000	2	4080002	1	3
571	20017	6000	2	4090006	1	3
572	20017	1000	2	4090007	1	3
573	20017	8000	2	4020000	1	3
574	20018	5000	2	4030003	1	1
575	20018	5000	2	4020004	1	3
576	20018	5000	2	4020005	1	3
577	20018	5000	2	4020006	1	3
578	20018	6000	2	4080001	1	3
579	20018	1000	2	4080002	1	3
580	20018	6000	2	4090006	1	3
581	20018	1000	2	4090007	1	3
582	20018	8000	2	4020000	1	3
583	20019	4000	2	4070025	1	1
584	20019	5000	2	4030003	1	1
585	20019	5000	2	4020004	1	3
586	20019	5000	2	4020005	1	3
587	20019	5000	2	4020006	1	3
588	20019	6000	2	4080001	1	3
589	20019	1000	2	4080002	1	3
590	20019	6000	2	4090006	1	3
591	20019	1000	2	4090007	1	3
592	20019	8000	2	4020000	1	3
593	20020	4000	2	4070016	1	1
594	20020	5000	2	4030003	1	1
595	20020	5000	2	4020004	1	3
596	20020	5000	2	4020005	1	3
597	20020	5000	2	4020006	1	3
598	20020	6000	2	4080001	1	3
599	20020	1000	2	4080002	1	3
600	20020	6000	2	4090006	1	3
601	20020	1000	2	4090007	1	3
602	20020	8000	2	4020000	1	3
603	20021	5000	2	4030003	1	1
604	20021	5000	2	4020007	1	3
605	20021	5000	2	4020008	1	3
606	20021	5000	2	4020009	1	3
607	20021	6000	2	4080001	1	3
608	20021	1000	2	4080002	1	3
609	20021	6000	2	4090006	1	3
610	20021	1000	2	4090007	1	3
611	20021	8000	2	4020000	1	3
612	20022	4000	2	4070024	1	1
613	20022	5000	2	4030003	1	1
614	20022	5000	2	4020007	1	3
615	20022	5000	2	4020008	1	3
616	20022	5000	2	4020009	1	3
617	20022	6000	2	4080001	1	3
618	20022	1000	2	4080002	1	3
619	20022	6000	2	4090006	1	3
620	20022	1000	2	4090007	1	3
621	20022	8000	2	4020000	1	3
622	20023	5000	2	4030003	1	1
623	20023	5000	2	4020007	1	3
624	20023	5000	2	4020008	1	3
625	20023	5000	2	4020009	1	3
626	20023	6000	2	4080001	1	3
627	20023	1000	2	4080002	1	3
628	20023	6000	2	4090006	1	3
629	20023	1000	2	4090007	1	3
630	20023	8000	2	4020000	1	3
631	20024	4000	2	4070021	1	1
632	20024	5000	2	4030003	1	1
633	20024	5000	2	4020007	1	3
634	20024	5000	2	4020008	1	3
635	20024	5000	2	4020009	1	3
636	20024	6000	2	4080001	1	3
637	20024	1000	2	4080002	1	3
638	20024	6000	2	4090006	1	3
639	20024	1000	2	4090007	1	3
640	20024	8000	2	4020000	1	3
641	20025	4000	2	4070010	1	1
642	20025	5000	2	4030003	1	1
643	20025	5000	2	4020007	1	3
644	20025	5000	2	4020008	1	3
645	20025	5000	2	4020009	1	3
646	20025	6000	2	4080001	1	3
647	20025	1000	2	4080002	1	3
648	20025	6000	2	4090006	1	3
649	20025	1000	2	4090007	1	3
650	20025	8000	2	4020000	1	3
651	20026	5000	2	4030004	1	1
652	20026	5000	2	4020007	1	3
653	20026	5000	2	4020008	1	3
654	20026	5000	2	4020009	1	3
655	20026	6000	2	4080001	1	3
656	20026	1000	2	4080002	1	3
657	20026	6000	2	4090006	1	3
658	20026	1000	2	4090007	1	3
659	20026	8000	2	4020000	1	3
660	20027	4000	2	4070027	1	1
661	20027	5000	2	4030004	1	1
662	20027	5000	2	4020007	1	3
663	20027	5000	2	4020008	1	3
664	20027	5000	2	4020009	1	3
665	20027	6000	2	4080001	1	3
666	20027	1000	2	4080002	1	3
667	20027	6000	2	4090006	1	3
668	20027	1000	2	4090007	1	3
669	20027	8000	2	4020000	1	3
670	20028	5000	2	4030004	1	1
671	20028	5000	2	4020007	1	3
672	20028	5000	2	4020008	1	3
673	20028	5000	2	4020009	1	3
674	20028	6000	2	4080001	1	3
675	20028	1000	2	4080002	1	3
676	20028	6000	2	4090006	1	3
677	20028	1000	2	4090007	1	3
678	20028	8000	2	4020000	1	3
679	20029	4000	2	4070014	1	1
680	20029	5000	2	4030004	1	1
681	20029	5000	2	4020007	1	3
682	20029	5000	2	4020008	1	3
683	20029	5000	2	4020009	1	3
684	20029	6000	2	4080001	1	3
685	20029	1000	2	4080002	1	3
686	20029	6000	2	4090006	1	3
687	20029	1000	2	4090007	1	3
688	20029	8000	2	4020000	1	3
689	20030	4000	2	4070009	1	1
690	20030	5000	2	4030004	1	1
691	20030	5000	2	4020007	1	3
692	20030	5000	2	4020008	1	3
693	20030	5000	2	4020009	1	3
694	20030	6000	2	4080001	1	3
695	20030	1000	2	4080002	1	3
696	20030	6000	2	4090006	1	3
697	20030	1000	2	4090007	1	3
698	20030	8000	2	4020000	1	3
699	20031	5000	2	4030005	1	1
700	20031	5000	2	4020010	1	3
701	20031	5000	2	4020011	1	3
702	20031	5000	2	4020012	1	3
703	20031	6000	2	4080001	1	3
704	20031	1000	2	4080002	1	3
705	20031	6000	2	4090006	1	3
706	20031	1000	2	4090007	1	3
707	20031	8000	2	4020000	1	3
708	20032	4000	2	4070004	1	1
709	20032	5000	2	4030005	1	1
710	20032	5000	2	4020010	1	3
711	20032	5000	2	4020011	1	3
712	20032	5000	2	4020012	1	3
713	20032	6000	2	4080001	1	3
714	20032	1000	2	4080002	1	3
715	20032	6000	2	4090006	1	3
716	20032	1000	2	4090007	1	3
717	20032	8000	2	4020000	1	3
718	20033	5000	2	4030005	1	1
719	20033	5000	2	4020010	1	3
720	20033	5000	2	4020011	1	3
721	20033	5000	2	4020012	1	3
722	20033	6000	2	4080001	1	3
723	20033	1000	2	4080002	1	3
724	20033	6000	2	4090006	1	3
725	20033	1000	2	4090007	1	3
726	20033	8000	2	4020000	1	3
727	20034	4000	2	4070020	1	1
728	20034	5000	2	4030005	1	1
729	20034	5000	2	4020010	1	3
730	20034	5000	2	4020011	1	3
731	20034	5000	2	4020012	1	3
732	20034	6000	2	4080001	1	3
733	20034	1000	2	4080002	1	3
734	20034	6000	2	4090006	1	3
735	20034	1000	2	4090007	1	3
736	20034	8000	2	4020000	1	3
737	20035	4000	2	4070006	1	1
738	20035	5000	2	4030005	1	1
739	20035	5000	2	4020010	1	3
740	20035	5000	2	4020011	1	3
741	20035	5000	2	4020012	1	3
742	20035	6000	2	4080001	1	3
743	20035	1000	2	4080002	1	3
744	20035	6000	2	4090006	1	3
745	20035	1000	2	4090007	1	3
746	20035	8000	2	4020000	1	3
747	20036	4000	2	4070028	1	1
748	20036	5000	2	4030006	1	1
749	20036	5000	2	4020010	1	3
750	20036	5000	2	4020011	1	3
751	20036	5000	2	4020012	1	3
752	20036	6000	2	4080001	1	3
753	20036	1000	2	4080002	1	3
754	20036	6000	2	4090006	1	3
755	20036	1000	2	4090007	1	3
756	20036	8000	2	4020000	1	3
757	20037	5000	2	4030006	1	1
758	20037	5000	2	4020010	1	3
759	20037	5000	2	4020011	1	3
760	20037	5000	2	4020012	1	3
761	20037	6000	2	4080001	1	3
762	20037	1000	2	4080002	1	3
763	20037	6000	2	4090006	1	3
764	20037	1000	2	4090007	1	3
765	20037	8000	2	4020000	1	3
766	20038	5000	2	4030006	1	1
767	20038	5000	2	4020010	1	3
768	20038	5000	2	4020011	1	3
769	20038	5000	2	4020012	1	3
770	20038	6000	2	4080001	1	3
771	20038	1000	2	4080002	1	3
772	20038	6000	2	4090006	1	3
773	20038	1000	2	4090007	1	3
774	20038	8000	2	4020000	1	3
775	20039	4000	2	4070014	1	1
776	20039	5000	2	4030006	1	1
777	20039	5000	2	4020010	1	3
778	20039	5000	2	4020011	1	3
779	20039	5000	2	4020012	1	3
780	20039	6000	2	4080001	1	3
781	20039	1000	2	4080002	1	3
782	20039	6000	2	4090006	1	3
783	20039	1000	2	4090007	1	3
784	20039	8000	2	4020000	1	3
785	20040	4000	2	4070023	1	1
786	20040	5000	2	4030006	1	1
787	20040	5000	2	4020010	1	3
788	20040	5000	2	4020011	1	3
789	20040	5000	2	4020012	1	3
790	20040	6000	2	4080001	1	3
791	20040	1000	2	4080002	1	3
792	20040	6000	2	4090006	1	3
793	20040	1000	2	4090007	1	3
794	20040	8000	2	4020000	1	3
795	20041	5000	2	4030007	1	1
796	20041	5000	2	4020013	1	3
797	20041	5000	2	4020014	1	3
798	20041	5000	2	4020015	1	3
799	20041	6000	2	4080001	1	3
800	20041	1000	2	4080002	1	3
801	20041	6000	2	4090006	1	3
802	20041	1000	2	4090007	1	3
803	20041	8000	2	4020000	1	3
804	20042	4000	2	4070017	1	1
805	20042	5000	2	4030007	1	1
806	20042	5000	2	4020013	1	3
807	20042	5000	2	4020014	1	3
808	20042	5000	2	4020015	1	3
809	20042	6000	2	4080001	1	3
810	20042	1000	2	4080002	1	3
811	20042	6000	2	4090006	1	3
812	20042	1000	2	4090007	1	3
813	20042	8000	2	4020000	1	3
814	20042	8000	2	4020000	1	3
815	20043	5000	2	4030007	1	1
816	20043	5000	2	4020013	1	3
817	20043	5000	2	4020014	1	3
818	20043	5000	2	4020015	1	3
819	20043	6000	2	4080001	1	3
820	20043	1000	2	4080002	1	3
821	20043	6000	2	4090006	1	3
822	20043	1000	2	4090007	1	3
823	20043	8000	2	4020000	1	3
824	20044	4000	2	4070005	1	1
825	20044	5000	2	4030007	1	1
826	20044	5000	2	4020013	1	3
827	20044	5000	2	4020014	1	3
828	20044	5000	2	4020015	1	3
829	20044	6000	2	4080001	1	3
830	20044	1000	2	4080002	1	3
831	20044	6000	2	4090006	1	3
832	20044	1000	2	4090007	1	3
833	20044	8000	2	4020000	1	3
834	20044	8000	2	4020000	1	3
835	20045	4000	2	4070008	1	1
836	20045	5000	2	4030007	1	1
837	20045	5000	2	4020013	1	3
838	20045	5000	2	4020014	1	3
839	20045	5000	2	4020015	1	3
840	20045	6000	2	4080001	1	3
841	20045	1000	2	4080002	1	3
842	20045	6000	2	4090006	1	3
843	20045	1000	2	4090007	1	3
844	20045	8000	2	4020000	1	3
845	20045	8000	2	4020000	1	3
846	20046	5000	2	4030008	1	1
847	20046	5000	2	4020013	1	3
848	20046	5000	2	4020014	1	3
849	20046	5000	2	4020015	1	3
850	20046	6000	2	4080001	1	3
851	20046	1000	2	4080002	1	3
852	20046	6000	2	4090006	1	3
853	20046	1000	2	4090007	1	3
854	20046	8000	2	4020000	1	3
855	20047	4000	2	4070018	1	1
856	20047	5000	2	4030008	1	1
857	20047	5000	2	4020013	1	3
858	20047	5000	2	4020014	1	3
859	20047	5000	2	4020015	1	3
860	20047	6000	2	4080001	1	3
861	20047	1000	2	4080002	1	3
862	20047	6000	2	4090006	1	3
863	20047	1000	2	4090007	1	3
864	20047	8000	2	4020000	1	3
865	20048	5000	2	4030008	1	1
866	20048	5000	2	4020013	1	3
867	20048	5000	2	4020014	1	3
868	20048	5000	2	4020015	1	3
869	20048	6000	2	4080001	1	3
870	20048	1000	2	4080002	1	3
871	20048	6000	2	4090006	1	3
872	20048	1000	2	4090007	1	3
873	20048	8000	2	4020000	1	3
874	20049	4000	2	4070002	1	1
875	20049	5000	2	4030008	1	1
876	20049	5000	2	4020013	1	3
877	20049	5000	2	4020014	1	3
878	20049	5000	2	4020015	1	3
879	20049	6000	2	4080001	1	3
880	20049	1000	2	4080002	1	3
881	20049	6000	2	4090006	1	3
882	20049	1000	2	4090007	1	3
883	20049	8000	2	4020000	1	3
884	20050	4000	2	4070001	1	1
885	20050	5000	2	4030008	1	1
886	20050	5000	2	4020013	1	3
887	20050	5000	2	4020014	1	3
888	20050	5000	2	4020015	1	3
889	20050	6000	2	4080001	1	3
890	20050	1000	2	4080002	1	3
891	20050	6000	2	4090006	1	3
892	20050	1000	2	4090007	1	3
893	20050	8000	2	4020000	1	3
894	20051	5000	2	4030009	1	1
895	20051	5000	2	4020016	1	3
896	20051	5000	2	4020017	1	3
897	20051	5000	2	4020018	1	3
898	20051	6000	2	4080001	1	3
899	20051	1000	2	4080002	1	3
900	20051	6000	2	4090006	1	3
901	20051	1000	2	4090007	1	3
902	20051	8000	2	4020000	1	3
903	20052	4000	2	4070025	1	1
904	20052	5000	2	4030009	1	1
905	20052	5000	2	4020016	1	3
906	20052	5000	2	4020017	1	3
907	20052	5000	2	4020018	1	3
908	20052	6000	2	4080001	1	3
909	20052	1000	2	4080002	1	3
910	20052	6000	2	4090006	1	3
911	20052	1000	2	4090007	1	3
912	20052	8000	2	4020000	1	3
913	20053	5000	2	4030009	1	1
914	20053	5000	2	4020016	1	3
915	20053	5000	2	4020017	1	3
916	20053	5000	2	4020018	1	3
917	20053	6000	2	4080001	1	3
918	20053	1000	2	4080002	1	3
919	20053	6000	2	4090006	1	3
920	20053	1000	2	4090007	1	3
921	20053	8000	2	4020000	1	3
922	20054	4000	2	4070021	1	1
923	20054	5000	2	4030009	1	1
924	20054	5000	2	4020016	1	3
925	20054	5000	2	4020017	1	3
926	20054	5000	2	4020018	1	3
927	20054	6000	2	4080001	1	3
928	20054	1000	2	4080002	1	3
929	20054	6000	2	4090006	1	3
930	20054	1000	2	4090007	1	3
931	20054	8000	2	4020000	1	3
932	20055	4000	2	4070007	1	1
933	20055	5000	2	4030009	1	1
934	20055	5000	2	4020016	1	3
935	20055	5000	2	4020017	1	3
936	20055	5000	2	4020018	1	3
937	20055	6000	2	4080001	1	3
938	20055	1000	2	4080002	1	3
939	20055	6000	2	4090006	1	3
940	20055	1000	2	4090007	1	3
941	20055	8000	2	4020000	1	3
942	20056	5000	2	4030010	1	1
943	20056	5000	2	4020016	1	3
944	20056	5000	2	4020017	1	3
945	20056	5000	2	4020018	1	3
946	20056	6000	2	4080001	1	3
947	20056	1000	2	4080002	1	3
948	20056	6000	2	4090006	1	3
949	20056	1000	2	4090007	1	3
950	20056	8000	2	4020000	1	3
951	20057	4000	2	4070026	1	1
952	20057	5000	2	4030010	1	1
953	20057	5000	2	4020016	1	3
954	20057	5000	2	4020017	1	3
955	20057	5000	2	4020018	1	3
956	20057	6000	2	4080001	1	3
957	20057	1000	2	4080002	1	3
958	20057	6000	2	4090006	1	3
959	20057	1000	2	4090007	1	3
960	20057	8000	2	4020000	1	3
961	20058	5000	2	4030010	1	1
962	20058	5000	2	4020016	1	3
963	20058	5000	2	4020017	1	3
964	20058	5000	2	4020018	1	3
965	20058	6000	2	4080001	1	3
966	20058	1000	2	4080002	1	3
967	20058	6000	2	4090006	1	3
968	20058	1000	2	4090007	1	3
969	20058	8000	2	4020000	1	3
970	20059	4000	2	4070022	1	1
971	20059	5000	2	4030010	1	1
972	20059	5000	2	4020016	1	3
973	20059	5000	2	4020017	1	3
974	20059	5000	2	4020018	1	3
975	20059	6000	2	4080001	1	3
976	20059	1000	2	4080002	1	3
977	20059	6000	2	4090006	1	3
978	20059	1000	2	4090007	1	3
979	20059	8000	2	4020000	1	3
980	20060	4000	2	4070019	1	1
981	20060	5000	2	4030010	1	1
982	20060	5000	2	4020016	1	3
983	20060	5000	2	4020017	1	3
984	20060	5000	2	4020018	1	3
985	20060	6000	2	4080001	1	3
986	20060	1000	2	4080002	1	3
987	20060	6000	2	4090006	1	3
988	20060	1000	2	4090007	1	3
989	20060	8000	2	4020000	1	3
990	20061	5000	2	4030011	1	1
991	20061	5000	2	4020019	1	3
992	20061	5000	2	4020020	1	3
993	20061	5000	2	4020021	1	3
994	20061	6000	2	4080001	1	3
995	20061	1000	2	4080002	1	3
996	20061	6000	2	4090006	1	3
997	20061	1000	2	4090007	1	3
998	20061	8000	2	4020000	1	3
999	20062	4000	2	4070009	1	1
1000	20062	5000	2	4030011	1	1
1001	20062	5000	2	4020019	1	3
1002	20062	5000	2	4020020	1	3
1003	20062	5000	2	4020021	1	3
1004	20062	6000	2	4080001	1	3
1005	20062	1000	2	4080002	1	3
1006	20062	6000	2	4090006	1	3
1007	20062	1000	2	4090007	1	3
1008	20062	8000	2	4020000	1	3
1009	20063	5000	2	4030011	1	1
1010	20063	5000	2	4020019	1	3
1011	20063	5000	2	4020020	1	3
1012	20063	5000	2	4020021	1	3
1013	20063	6000	2	4080001	1	3
1014	20063	1000	2	4080002	1	3
1015	20063	6000	2	4090006	1	3
1016	20063	1000	2	4090007	1	3
1017	20063	8000	2	4020000	1	3
1018	20064	4000	2	4070016	1	1
1019	20064	5000	2	4030011	1	1
1020	20064	5000	2	4020019	1	3
1021	20064	5000	2	4020020	1	3
1022	20064	5000	2	4020021	1	3
1023	20064	6000	2	4080001	1	3
1024	20064	1000	2	4080002	1	3
1025	20064	6000	2	4090006	1	3
1026	20064	1000	2	4090007	1	3
1027	20064	8000	2	4020000	1	3
1028	20065	4000	2	4070010	1	1
1029	20065	5000	2	4030011	1	1
1030	20065	5000	2	4020019	1	3
1031	20065	5000	2	4020020	1	3
1032	20065	5000	2	4020021	1	3
1033	20065	6000	2	4080001	1	3
1034	20065	1000	2	4080002	1	3
1035	20065	6000	2	4090006	1	3
1036	20065	1000	2	4090007	1	3
1037	20065	8000	2	4020000	1	3
1038	20066	5000	2	4030012	1	1
1039	20066	5000	2	4020019	1	3
1040	20066	5000	2	4020020	1	3
1041	20066	5000	2	4020021	1	3
1042	20066	6000	2	4080001	1	3
1043	20066	1000	2	4080002	1	3
1044	20066	6000	2	4090006	1	3
1045	20066	1000	2	4090007	1	3
1046	20066	8000	2	4020000	1	3
1047	20067	4000	2	4070024	1	1
1048	20067	5000	2	4030012	1	1
1049	20067	5000	2	4020019	1	3
1050	20067	5000	2	4020020	1	3
1051	20067	5000	2	4020021	1	3
1052	20067	6000	2	4080001	1	3
1053	20067	1000	2	4080002	1	3
1054	20067	6000	2	4090006	1	3
1055	20067	1000	2	4090007	1	3
1056	20067	8000	2	4020000	1	3
1057	20068	5000	2	4030012	1	1
1058	20068	5000	2	4020019	1	3
1059	20068	5000	2	4020020	1	3
1060	20068	5000	2	4020021	1	3
1061	20068	6000	2	4080001	1	3
1062	20068	1000	2	4080002	1	3
1063	20068	6000	2	4090006	1	3
1064	20068	1000	2	4090007	1	3
1065	20068	8000	2	4020000	1	3
1066	20069	4000	2	4070027	1	1
1067	20069	5000	2	4030012	1	1
1068	20069	5000	2	4020019	1	3
1069	20069	5000	2	4020020	1	3
1070	20069	5000	2	4020021	1	3
1071	20069	6000	2	4080001	1	3
1072	20069	1000	2	4080002	1	3
1073	20069	6000	2	4090006	1	3
1074	20069	1000	2	4090007	1	3
1075	20069	8000	2	4020000	1	3
1076	20070	4000	2	4070011	1	1
1077	20070	5000	2	4030012	1	1
1078	20070	5000	2	4020019	1	3
1079	20070	5000	2	4020020	1	3
1080	20070	5000	2	4020021	1	3
1081	20070	6000	2	4080001	1	3
1082	20070	1000	2	4080002	1	3
1083	20070	6000	2	4090006	1	3
1084	20070	1000	2	4090007	1	3
1085	20070	8000	2	4020000	1	3
1086	20071	5000	2	4030013	1	1
1087	20071	5000	2	4020022	1	3
1088	20071	5000	2	4020023	1	3
1089	20071	5000	2	4020024	1	3
1090	20071	6000	2	4080001	1	3
1091	20071	1000	2	4080002	1	3
1092	20071	6000	2	4090006	1	3
1093	20071	1000	2	4090007	1	3
1094	20071	8000	2	4020000	1	3
1095	20072	4000	2	4070004	1	1
1096	20072	5000	2	4030013	1	1
1097	20072	5000	2	4020022	1	3
1098	20072	5000	2	4020023	1	3
1099	20072	5000	2	4020024	1	3
1100	20072	6000	2	4080001	1	3
1101	20072	1000	2	4080002	1	3
1102	20072	6000	2	4090006	1	3
1103	20072	1000	2	4090007	1	3
1104	20072	8000	2	4020000	1	3
1105	20073	5000	2	4030013	1	1
1106	20073	5000	2	4020022	1	3
1107	20073	5000	2	4020023	1	3
1108	20073	5000	2	4020024	1	3
1109	20073	6000	2	4080001	1	3
1110	20073	1000	2	4080002	1	3
1111	20073	6000	2	4090006	1	3
1112	20073	1000	2	4090007	1	3
1113	20073	8000	2	4020000	1	3
1114	20074	4000	2	4070006	1	1
1115	20074	5000	2	4030013	1	1
1116	20074	5000	2	4020022	1	3
1117	20074	5000	2	4020023	1	3
1118	20074	5000	2	4020024	1	3
1119	20074	6000	2	4080001	1	3
1120	20074	1000	2	4080002	1	3
1121	20074	6000	2	4090006	1	3
1122	20074	1000	2	4090007	1	3
1123	20074	8000	2	4020000	1	3
1124	20075	4000	2	4070003	1	1
1125	20075	5000	2	4030013	1	1
1126	20075	5000	2	4020022	1	3
1127	20075	5000	2	4020023	1	3
1128	20075	5000	2	4020024	1	3
1129	20075	6000	2	4080001	1	3
1130	20075	1000	2	4080002	1	3
1131	20075	6000	2	4090006	1	3
1132	20075	1000	2	4090007	1	3
1133	20075	8000	2	4020000	1	3
1134	20076	5000	2	4030014	1	1
1135	20076	5000	2	4020022	1	3
1136	20076	5000	2	4020023	1	3
1137	20076	5000	2	4020024	1	3
1138	20076	6000	2	4080001	1	3
1139	20076	1000	2	4080002	1	3
1140	20076	6000	2	4090006	1	3
1141	20076	1000	2	4090007	1	3
1142	20076	8000	2	4020000	1	3
1143	20077	4000	2	4070026	1	1
1144	20077	5000	2	4030014	1	1
1145	20077	5000	2	4020022	1	3
1146	20077	5000	2	4020023	1	3
1147	20077	5000	2	4020024	1	3
1148	20077	6000	2	4080001	1	3
1149	20077	1000	2	4080002	1	3
1150	20077	6000	2	4090006	1	3
1151	20077	1000	2	4090007	1	3
1152	20077	8000	2	4020000	1	3
1153	20078	5000	2	4030014	1	1
1154	20078	5000	2	4020022	1	3
1155	20078	5000	2	4020023	1	3
1156	20078	5000	2	4020024	1	3
1157	20078	6000	2	4080001	1	3
1158	20078	1000	2	4080002	1	3
1159	20078	6000	2	4090006	1	3
1160	20078	1000	2	4090007	1	3
1161	20078	8000	2	4020000	1	3
1162	20079	4000	2	4070020	1	1
1163	20079	5000	2	4030014	1	1
1164	20079	5000	2	4020022	1	3
1165	20079	5000	2	4020023	1	3
1166	20079	5000	2	4020024	1	3
1167	20079	6000	2	4080001	1	3
1168	20079	1000	2	4080002	1	3
1169	20079	6000	2	4090006	1	3
1170	20079	1000	2	4090007	1	3
1171	20079	8000	2	4020000	1	3
1172	20080	4000	2	4070027	1	1
1173	20080	5000	2	4030014	1	1
1174	20080	5000	2	4020022	1	3
1175	20080	5000	2	4020023	1	3
1176	20080	5000	2	4020024	1	3
1177	20080	6000	2	4080001	1	3
1178	20080	1000	2	4080002	1	3
1179	20080	6000	2	4090006	1	3
1180	20080	1000	2	4090007	1	3
1181	20080	8000	2	4020000	1	3
1182	20081	5000	2	4030015	1	1
1183	20081	5000	2	4020025	1	3
1184	20081	5000	2	4020026	1	3
1185	20081	5000	2	4020027	1	3
1186	20081	6000	2	4080001	1	3
1187	20081	1000	2	4080002	1	3
1188	20081	6000	2	4090006	1	3
1189	20081	1000	2	4090007	1	3
1190	20081	8000	2	4020000	1	3
1191	20082	4000	2	4070018	1	1
1192	20082	5000	2	4030015	1	1
1193	20082	5000	2	4020025	1	3
1194	20082	5000	2	4020026	1	3
1195	20082	5000	2	4020027	1	3
1196	20082	6000	2	4080001	1	3
1197	20082	1000	2	4080002	1	3
1198	20082	6000	2	4090006	1	3
1199	20082	1000	2	4090007	1	3
1200	20082	8000	2	4020000	1	3
1201	20083	5000	2	4030015	1	1
1202	20083	5000	2	4020025	1	3
1203	20083	5000	2	4020026	1	3
1204	20083	5000	2	4020027	1	3
1205	20083	6000	2	4080001	1	3
1206	20083	1000	2	4080002	1	3
1207	20083	6000	2	4090006	1	3
1208	20083	1000	2	4090007	1	3
1209	20083	8000	2	4020000	1	3
1210	20084	5000	2	4030015	1	1
1211	20084	5000	2	4020025	1	3
1212	20084	5000	2	4020026	1	3
1213	20084	5000	2	4020027	1	3
1214	20084	6000	2	4080001	1	3
1215	20084	1000	2	4080002	1	3
1216	20084	6000	2	4090006	1	3
1217	20084	1000	2	4090007	1	3
1218	20084	8000	2	4020000	1	3
1219	20085	4000	2	4070007	1	1
1220	20085	5000	2	4030015	1	1
1221	20085	5000	2	4020025	1	3
1222	20085	5000	2	4020026	1	3
1223	20085	5000	2	4020027	1	3
1224	20085	6000	2	4080001	1	3
1225	20085	1000	2	4080002	1	3
1226	20085	6000	2	4090006	1	3
1227	20085	1000	2	4090007	1	3
1228	20085	8000	2	4020000	1	3
1229	20086	5000	2	4030016	1	1
1230	20086	5000	2	4020028	1	3
1231	20086	5000	2	4020029	1	3
1232	20086	5000	2	4020030	1	3
1233	20086	6000	2	4080001	1	3
1234	20086	1000	2	4080002	1	3
1235	20086	6000	2	4090006	1	3
1236	20086	1000	2	4090007	1	3
1237	20086	8000	2	4020000	1	3
1238	20087	4000	2	4070021	1	1
1239	20087	5000	2	4030016	1	1
1240	20087	5000	2	4020028	1	3
1241	20087	5000	2	4020029	1	3
1242	20087	5000	2	4020030	1	3
1243	20087	6000	2	4080001	1	3
1244	20087	1000	2	4080002	1	3
1245	20087	6000	2	4090006	1	3
1246	20087	1000	2	4090007	1	3
1247	20087	8000	2	4020000	1	3
1248	20088	5000	2	4030016	1	1
1249	20088	5000	2	4020028	1	3
1250	20088	5000	2	4020029	1	3
1251	20088	5000	2	4020030	1	3
1252	20088	6000	2	4080001	1	3
1253	20088	1000	2	4080002	1	3
1254	20088	6000	2	4090006	1	3
1255	20088	1000	2	4090007	1	3
1256	20088	8000	2	4020000	1	3
1257	20089	4000	2	4070002	1	1
1258	20089	5000	2	4030016	1	1
1259	20089	5000	2	4020028	1	3
1260	20089	5000	2	4020029	1	3
1261	20089	5000	2	4020030	1	3
1262	20089	6000	2	4080001	1	3
1263	20089	1000	2	4080002	1	3
1264	20089	6000	2	4090006	1	3
1265	20089	1000	2	4090007	1	3
1266	20089	8000	2	4020000	1	3
1267	20090	5000	2	4030016	1	1
1268	20090	5000	2	4020028	1	3
1269	20090	5000	2	4020029	1	3
1270	20090	5000	2	4020030	1	3
1271	20090	6000	2	4080001	1	3
1272	20090	1000	2	4080002	1	3
1273	20090	6000	2	4090006	1	3
1274	20090	1000	2	4090007	1	3
1275	20090	8000	2	4020000	1	3
1276	20091	5000	2	4030017	1	1
1277	20091	5000	2	4020031	1	3
1278	20091	5000	2	4020032	1	3
1279	20091	5000	2	4020033	1	3
1280	20091	6000	2	4080001	1	3
1281	20091	1000	2	4080002	1	3
1282	20091	6000	2	4090006	1	3
1283	20091	1000	2	4090007	1	3
1284	20091	8000	2	4020000	1	3
1285	20092	5000	2	4030017	1	1
1286	20092	5000	2	4020031	1	3
1287	20092	5000	2	4020032	1	3
1288	20092	5000	2	4020033	1	3
1289	20092	6000	2	4080001	1	3
1290	20092	1000	2	4080002	1	3
1291	20092	6000	2	4090006	1	3
1292	20092	1000	2	4090007	1	3
1293	20092	8000	2	4020000	1	3
1294	20093	5000	2	4030017	1	1
1295	20093	5000	2	4020031	1	3
1296	20093	5000	2	4020032	1	3
1297	20093	5000	2	4020033	1	3
1298	20093	6000	2	4080001	1	3
1299	20093	1000	2	4080002	1	3
1300	20093	6000	2	4090006	1	3
1301	20093	1000	2	4090007	1	3
1302	20093	8000	2	4020000	1	3
1303	20094	5000	2	4030017	1	1
1304	20094	5000	2	4020031	1	3
1305	20094	5000	2	4020032	1	3
1306	20094	5000	2	4020033	1	3
1307	20094	6000	2	4080001	1	3
1308	20094	1000	2	4080002	1	3
1309	20094	6000	2	4090006	1	3
1310	20094	1000	2	4090007	1	3
1311	20094	8000	2	4020000	1	3
1312	20095	5000	2	4030017	1	1
1313	20095	5000	2	4020031	1	3
1314	20095	5000	2	4020032	1	3
1315	20095	5000	2	4020033	1	3
1316	20095	6000	2	4080001	1	3
1317	20095	1000	2	4080002	1	3
1318	20095	6000	2	4090006	1	3
1319	20095	1000	2	4090007	1	3
1320	20095	8000	2	4020000	1	3
1321	20096	5000	2	4030018	1	1
1322	20096	5000	2	4020034	1	3
1323	20096	5000	2	4020035	1	3
1324	20096	5000	2	4020036	1	3
1325	20096	6000	2	4080001	1	3
1326	20096	1000	2	4080002	1	3
1327	20096	6000	2	4090006	1	3
1328	20096	1000	2	4090007	1	3
1329	20096	8000	2	4020000	1	3
1330	20097	5000	2	4030018	1	1
1331	20097	5000	2	4020034	1	3
1332	20097	5000	2	4020035	1	3
1333	20097	5000	2	4020036	1	3
1334	20097	6000	2	4080001	1	3
1335	20097	1000	2	4080002	1	3
1336	20097	6000	2	4090006	1	3
1337	20097	1000	2	4090007	1	3
1338	20097	8000	2	4020000	1	3
1339	20098	5000	2	4030018	1	1
1340	20098	5000	2	4020034	1	3
1341	20098	5000	2	4020035	1	3
1342	20098	5000	2	4020036	1	3
1343	20098	6000	2	4080001	1	3
1344	20098	1000	2	4080002	1	3
1345	20098	6000	2	4090006	1	3
1346	20098	1000	2	4090007	1	3
1347	20098	8000	2	4020000	1	3
1348	20099	5000	2	4030018	1	1
1349	20099	5000	2	4020034	1	3
1350	20099	5000	2	4020035	1	3
1351	20099	5000	2	4020036	1	3
1352	20099	6000	2	4080001	1	3
1353	20099	1000	2	4080002	1	3
1354	20099	6000	2	4090006	1	3
1355	20099	1000	2	4090007	1	3
1356	20099	8000	2	4020000	1	3
1357	20100	5000	2	4030018	1	1
1358	20100	5000	2	4020034	1	3
1359	20100	5000	2	4020035	1	3
1360	20100	5000	2	4020036	1	3
1361	20100	6000	2	4080001	1	3
1362	20100	1000	2	4080002	1	3
1363	20100	6000	2	4090006	1	3
1364	20100	1000	2	4090007	1	3
1365	20100	8000	2	4020000	1	3
1366	20101	10000	2	4020001	5	15
1367	20102	10000	2	4020002	5	15
1368	20103	10000	2	4020003	5	15
1369	20104	10000	2	4061016	5	15
1370	20105	10000	2	4061017	5	15
1371	20106	10000	2	4061018	5	15
1372	20107	10000	2	4040001	5	15
1373	20108	10000	2	4040002	5	15
1374	20109	10000	2	4040003	5	15
1375	20110	10000	2	4050001	5	15
1376	20111	10000	2	4050002	5	15
1377	20112	10000	2	4050003	5	15
1378	20113	10000	2	4070009	5	15
1379	20114	10000	2	4070021	5	15
1380	20115	10000	2	4070022	5	15
1381	20116	10000	2	4010001	1	1
1382	20117	10000	2	4010002	1	1
1383	20118	10000	2	4100004	1	1
1384	20119	10000	1	150	20	20
1385	20120	10000	1	302	20	20
1386	40000	5000	2	4020000	1	3
1387	50100	10000	1	501	1	1
1388	50101	6000	2	4020001	1	4
1389	50102	6000	2	4020002	1	4
1390	50103	6000	2	4020003	1	4
1391	50200	10000	1	502	1	1
1392	50203	6000	2	4020001	1	4
1393	50205	6000	2	4020002	1	4
1394	50207	6000	2	4020003	1	4
1395	50300	10000	1	503	1	1
1396	50303	6000	2	4020001	1	4
1397	50305	6000	2	4020002	1	4
1398	50307	6000	2	4020003	1	4
1399	50400	6000	2	4080001	0	1
1400	50400	6000	2	4080002	0	1
1401	50400	4000	2	4090006	0	2
1402	50402	6000	2	4020002	0	5
1403	50403	6000	2	4020004	0	5
1404	50403	2000	2	4020002	0	3
1405	50403	5000	2	4020003	0	2
1406	50405	6000	2	4020005	0	5
1407	50405	2000	2	4020001	0	3
1408	50405	5000	2	4020003	0	2
1409	50407	6000	2	4020006	0	5
1410	50407	2000	2	4020001	0	3
1411	50407	5000	2	4020002	0	2
1412	50500	6000	2	4080001	0	2
1413	50500	6000	2	4080002	0	1
1414	50500	4000	2	4090006	0	2
1415	50502	6000	2	4020004	0	5
1416	50505	6000	2	4020006	0	5
1417	50508	6000	2	4020005	0	5
1418	50600	10000	1	506	1	1
1419	50601	6000	2	4020007	0	5
1420	50601	2000	2	4020005	0	3
1421	50601	5000	2	4020006	0	2
1422	50605	6000	2	4020008	0	5
1423	50605	2000	2	4020004	0	3
1424	50605	5000	2	4020006	0	2
1425	50608	6000	2	4020009	0	5
1426	50608	2000	2	4020004	0	3
1427	50608	5000	2	4020005	0	2
1428	50700	6000	2	4080002	0	2
1429	50700	6000	2	4080001	0	1
1430	50700	4000	2	4090006	0	2
1431	50701	6000	2	4020007	0	5
1432	50701	2000	2	4020006	0	3
1433	50705	6000	2	4020009	0	5
1434	50705	2000	2	4020005	0	3
1435	50708	6000	2	4020008	0	5
1436	50708	2000	2	4020004	0	3
1437	50800	6000	2	4080002	0	2
1438	50800	6000	2	4080001	0	2
1439	50800	4000	2	4090006	0	2
1440	50801	6000	2	4020010	0	5
1441	50801	2000	2	4020008	0	3
1442	50801	5000	2	4020003	0	2
1443	50805	6000	2	4020011	0	5
1444	50805	2000	2	4020009	0	3
1445	50805	5000	2	4020002	0	2
1446	50808	6000	2	4020012	0	5
1447	50808	2000	2	4020007	0	3
1448	50808	5000	2	4020008	0	2
1449	50900	10000	1	509	1	1
1450	50901	6000	2	4020010	0	5
1451	50901	2000	2	4020009	0	3
1452	50905	6000	2	4020012	0	5
1453	50905	2000	2	4020008	0	3
1454	50908	6000	2	4020011	0	5
1455	50908	2000	2	4020007	0	3
1456	51000	10000	1	510	1	1
1457	51001	6000	2	4020013	0	5
1458	51001	2000	2	4020011	0	3
1459	51001	5000	2	4020006	0	2
1460	51005	6000	2	4020014	0	5
1461	51005	2000	2	4020012	0	3
1462	51005	5000	2	4020004	0	2
1463	51008	6000	2	4020015	0	5
1464	51008	2000	2	4020010	0	3
1465	51008	5000	2	4020005	0	2
1466	51100	6000	2	4080003	0	1
1467	51100	6000	2	4080001	0	1
1468	51100	4000	2	4090006	0	3
1469	51101	6000	2	4020013	0	5
1470	51101	2000	2	4020012	0	3
1471	51105	6000	2	4020015	0	5
1472	51105	2000	2	4020011	0	3
1473	51108	6000	2	4020014	0	5
1474	51108	2000	2	4020010	0	3
1475	51200	6000	2	4080003	0	1
1476	51200	6000	2	4080001	0	2
1477	51200	4000	2	4090006	0	3
1478	51201	6000	2	4020016	0	5
1479	51201	2000	2	4020009	0	3
1480	51205	6000	2	4020017	0	5
1481	51205	2000	2	4020007	0	3
1482	51208	6000	2	4020018	0	5
1483	51208	2000	2	4020008	0	3
1484	51300	6000	2	4080003	0	1
1485	51300	6000	2	4080002	0	1
1486	51300	4000	2	4090006	0	3
1487	51301	6000	2	4020016	0	5
1488	51305	6000	2	4020017	0	5
1489	51308	6000	2	4020018	0	5
1490	51400	6000	2	4080003	0	1
1491	51400	6000	2	4080002	0	1
1492	51400	6000	2	4080001	0	1
1493	51400	4000	2	4090006	0	3
1494	51401	6000	2	4020019	0	5
1495	51401	2000	2	4020012	0	3
1496	51405	6000	2	4020020	0	5
1497	51405	2000	2	4020010	0	3
1498	51408	6000	2	4020021	0	5
1499	51408	2000	2	4020011	0	3
1500	51500	6000	2	4080003	0	1
1501	51500	6000	2	4080002	0	1
1502	51500	6000	2	4080001	0	2
1503	51500	4000	2	4090006	0	3
1504	51501	6000	2	4020019	0	5
1505	51505	6000	2	4020020	0	5
1506	51508	6000	2	4020021	0	5
1507	51600	6000	2	4080003	0	1
1508	51600	6000	2	4080002	0	2
1509	51600	4000	2	4090006	0	3
1510	51601	6000	2	4020022	0	5
1511	51601	2000	2	4020015	0	3
1512	51605	6000	2	4020023	0	5
1513	51605	2000	2	4020013	0	3
1514	51608	6000	2	4020024	0	5
1515	51608	2000	2	4020014	0	3
1516	51700	6000	2	4080003	0	1
1517	51700	6000	2	4080002	0	2
1518	51700	6000	2	4080001	0	1
1519	51700	4000	2	4090006	0	3
1520	51701	6000	2	4020022	0	5
1521	51705	6000	2	4020023	0	5
1522	51708	6000	2	4020024	0	5
1523	51800	6000	2	4080003	0	1
1524	51800	6000	2	4080002	0	2
1525	51800	6000	2	4080001	0	2
1526	51800	4000	2	4090006	0	3
1527	51801	6000	2	4020025	0	5
1528	51801	2000	2	4020018	0	3
1529	51805	6000	2	4020026	0	5
1530	51805	2000	2	4020016	0	3
1531	51808	6000	2	4020027	0	5
1532	51808	2000	2	4020017	0	3
1533	51900	6000	2	4080003	0	1
1534	51900	6000	2	4080002	0	3
1535	51900	4000	2	4090006	0	3
1536	51901	6000	2	4020028	0	5
1537	51905	6000	2	4020029	0	5
1538	51908	6000	2	4020030	0	5
1539	52000	6000	2	4080003	0	1
1540	52000	6000	2	4080002	0	3
1541	52000	6000	2	4080001	0	1
1542	52000	4000	2	4090006	0	3
1543	52001	6000	2	4020031	0	5
1544	52001	2000	2	4020021	0	3
1545	52005	6000	2	4020032	0	5
1546	52005	2000	2	4020019	0	3
1547	52008	6000	2	4020033	0	5
1548	52008	2000	2	4020020	0	3
1549	60100	10000	2	4080001	1	1
1550	60200	10000	2	4080001	2	2
1551	60300	10000	2	4080002	1	1
1552	60400	10000	2	4080002	1	1
1553	60400	10000	2	4080001	1	1
1554	60500	10000	2	4080002	1	1
1555	60500	10000	2	4080001	2	2
1556	60600	10000	2	4080002	2	2
1557	60700	10000	2	4080002	2	2
1558	60700	10000	2	4080001	1	1
1559	60800	10000	2	4080002	2	2
1560	60800	10000	2	4080001	2	2
1561	60900	10000	2	4080002	3	3
1562	61000	10000	2	4080003	1	1
1563	61100	10000	2	4080003	1	1
1564	61100	10000	2	4080001	1	1
1565	61200	10000	2	4080003	1	1
1566	61200	10000	2	4080001	2	2
1567	61300	10000	2	4080003	1	1
1568	61300	10000	2	4080002	1	1
1569	61400	10000	2	4080003	1	1
1570	61400	10000	2	4080002	1	1
1571	61400	10000	2	4080001	1	1
1572	61500	10000	2	4080003	1	1
1573	61500	10000	2	4080002	1	1
1574	61500	10000	2	4080001	2	2
1575	61600	10000	2	4080003	1	1
1576	61600	10000	2	4080002	2	2
1577	61700	10000	2	4080003	1	1
1578	61700	10000	2	4080002	2	2
1579	61700	10000	2	4080001	1	1
1580	61800	10000	2	4080003	1	1
1581	61800	10000	2	4080002	2	2
1582	61800	10000	2	4080001	2	2
1583	61900	10000	2	4080003	1	1
1584	61900	10000	2	4080002	3	3
1585	62000	10000	2	4080003	2	2
1586	70100	10000	2	4080001	2	2
1587	70200	10000	2	4080002	1	1
1588	70200	10000	2	4080001	1	1
1589	70300	10000	2	4080002	2	2
1590	70400	10000	2	4080002	2	2
1591	70400	10000	2	4080001	2	2
1592	70500	10000	2	4080003	1	1
1593	70600	10000	2	4080003	1	1
1594	70600	10000	2	4080001	2	2
1595	70700	10000	2	4080003	1	1
1596	70700	10000	2	4080002	1	1
1597	70700	10000	2	4080001	1	1
1598	70800	10000	2	4080003	1	1
1599	70800	10000	2	4080002	2	2
1600	70900	10000	2	4080003	1	1
1601	70900	10000	2	4080002	2	2
1602	70900	10000	2	4080001	2	2
1603	71000	10000	2	4080003	2	2
1604	71100	10000	2	4080001	2	2
1605	71100	10000	2	4080003	2	2
1606	71200	10000	2	4080003	2	2
1607	71200	10000	2	4080002	1	1
1608	71200	10000	2	4080001	1	1
1609	71300	10000	2	4080003	2	2
1610	71300	10000	2	4080002	2	2
1611	71400	10000	2	4080003	2	2
1612	71400	10000	2	4080002	2	2
1613	71400	10000	2	4080001	2	2
1614	71500	10000	2	4080004	1	1
1615	71600	10000	2	4080004	1	1
1616	71600	10000	2	4080001	2	2
1617	71700	10000	2	4080004	1	1
1618	71700	10000	2	4080002	1	1
1619	71700	10000	2	4080001	1	1
1620	71800	10000	2	4080004	1	1
1621	71800	10000	2	4080002	2	2
1622	71900	10000	2	4080004	1	1
1623	71900	10000	2	4080002	2	2
1624	71900	10000	2	4080001	2	2
1625	72000	10000	2	4080004	4	4
1626	75000	10000	2	4020000	0	4
1627	80101	6000	2	4070028	0	1
1628	80101	10000	2	4030001	1	1
1629	80100	7500	2	4020001	0	2
1630	80100	7500	2	4020002	0	2
1631	80100	7500	2	4020003	0	2
1632	75001	6000	2	4080001	0	2
1633	75001	4000	2	4090006	0	2
1634	80102	6000	2	4070018	0	1
1635	80102	10000	2	4030001	1	1
1636	80103	10000	2	4030001	1	1
1637	75002	6000	2	4080001	0	1
1638	75002	6000	2	4080002	0	1
1639	75002	4000	2	4090006	0	2
1640	80201	10000	2	4030001	1	1
1641	80202	10000	1	603	1	1
1642	80203	10000	2	4030001	1	1
1643	80204	10000	1	604	1	1
1644	75003	6000	2	4080002	0	2
1645	75003	4000	2	4090006	0	2
1646	80301	10000	2	4030002	1	1
1647	80302	10000	1	605	1	1
1648	80303	10000	1	606	1	1
1649	80304	10000	1	607	1	1
1650	80400	7500	2	4020004	0	2
1651	80400	7500	2	4020005	0	2
1652	80400	7500	2	4020006	0	2
1653	80400	5000	2	4020001	0	2
1654	80400	5000	2	4020002	0	2
1655	80400	5000	2	4020003	0	2
1656	75004	6000	2	4080002	0	2
1657	75004	6000	2	4080001	0	2
1658	75004	4000	2	4090006	0	2
1659	75004	4000	2	4090007	0	1
1660	80401	10000	1	608	1	1
1661	80402	10000	1	609	1	1
1662	80403	10000	1	610	1	1
1663	80404	10000	1	611	1	1
1664	80500	7500	2	4020004	0	2
1665	80500	7500	2	4020005	0	2
1666	80500	7500	2	4020006	0	2
1667	75005	6000	2	4080003	0	1
1668	75005	4000	2	4090006	0	2
1669	75005	4000	2	4090007	0	1
1670	80501	10000	2	4030003	1	1
1671	80502	10000	1	612	1	1
1672	80503	10000	1	613	1	1
1673	80504	10000	1	614	1	1
1674	80505	10000	1	615	1	1
1675	80600	7500	2	4020007	0	2
1676	80600	7500	2	4020008	0	2
1677	80600	7500	2	4020009	0	2
1678	80600	5000	2	4020004	0	2
1679	80600	5000	2	4020005	0	2
1680	80600	5000	2	4020006	0	2
1681	75006	6000	2	4080003	0	1
1682	75006	6000	2	4080001	0	2
1683	75006	4000	2	4090006	0	2
1684	75006	4000	2	4090007	0	1
1685	80601	10000	2	4030003	1	1
1686	80602	10000	1	616	1	1
1687	80603	10000	1	617	1	1
1688	80604	10000	1	618	1	1
1689	80605	10000	1	619	1	1
1690	75007	6000	2	4080001	0	1
1691	75007	6000	2	4080002	0	1
1692	75007	6000	2	4080003	0	1
1693	75007	4000	2	4090006	0	2
1694	75007	4000	2	4090007	0	1
1695	80701	10000	2	4030004	1	1
1696	80702	10000	1	620	1	1
1697	80703	10000	1	621	1	1
1698	80704	10000	1	622	1	1
1699	80705	10000	1	623	1	1
1700	80800	7500	2	4020010	0	2
1701	80800	7500	2	4020011	0	2
1702	80800	7500	2	4020012	0	2
1703	80800	5000	2	4020001	0	2
1704	80800	5000	2	4020002	0	2
1705	80800	5000	2	4020003	0	2
1706	75008	6000	2	4080002	0	2
1707	75008	6000	2	4080003	0	1
1708	75008	4000	2	4090006	0	2
1709	75008	4000	2	4090007	0	2
1710	80801	10000	2	4030005	1	1
1711	80802	10000	1	624	1	1
1712	80803	10000	1	625	1	1
1713	80804	10000	1	626	1	1
1714	80805	10000	1	627	1	1
1715	80900	7500	2	4020010	0	2
1716	80900	7500	2	4020011	0	2
1717	80900	7500	2	4020012	0	2
1718	80900	5000	2	4020007	0	2
1719	80900	5000	2	4020008	0	2
1720	80900	5000	2	4020009	0	2
1721	80900	2500	2	4020004	0	2
1722	80900	2500	2	4020005	0	2
1723	80900	2500	2	4020006	0	2
1724	75009	6000	2	4080003	0	1
1725	75009	6000	2	4080002	0	2
1726	75009	6000	2	4080001	0	2
1727	75009	4000	2	4090006	0	2
1728	75009	4000	2	4090007	0	2
1729	80901	10000	1	628	1	1
1730	80902	10000	1	629	1	1
1731	80903	10000	1	630	1	1
1732	80904	10000	1	631	1	1
1733	80905	10000	1	632	1	1
1734	81000	7500	2	4020013	0	2
1735	81000	7500	2	4020014	0	2
1736	81000	7500	2	4020015	0	2
1737	81000	5000	2	4020010	0	2
1738	81000	5000	2	4020011	0	2
1739	81000	5000	2	4020012	0	2
1740	75010	6000	2	4080003	0	2
1741	75010	4000	2	4090006	0	2
1742	75010	4000	2	4090007	0	2
1743	81001	10000	2	4030007	1	1
1744	81002	10000	1	633	1	1
1745	81003	10000	1	634	1	1
1746	81004	10000	1	635	1	1
1747	81005	10000	1	636	1	1
1748	75011	6000	2	4080003	0	2
1749	75011	6000	2	4080001	0	2
1750	75011	4000	2	4090006	0	2
1751	75011	4000	2	4090007	0	2
1752	81101	10000	2	4030008	1	1
1753	81102	10000	1	637	1	1
1754	81103	10000	1	638	1	1
1755	81104	10000	1	639	1	1
1756	81105	10000	1	640	1	1
1757	81200	7500	2	4020016	0	2
1758	81200	7500	2	4020017	0	2
1759	81200	7500	2	4020018	0	2
1760	81200	5000	2	4020007	0	2
1761	81200	5000	2	4020008	0	2
1762	81200	5000	2	4020009	0	2
1763	75012	6000	2	4080003	0	2
1764	75012	6000	2	4080002	0	1
1765	75012	6000	2	4080001	0	1
1766	75012	4000	2	4090006	0	2
1767	75012	4000	2	4090007	0	2
1768	81201	10000	1	641	1	1
1769	81202	10000	1	642	1	1
1770	81203	10000	1	643	1	1
1771	81204	10000	1	644	1	1
1772	81205	10000	1	645	1	1
1773	81300	7500	2	4020016	0	2
1774	81300	7500	2	4020017	0	2
1775	81300	7500	2	4020018	0	2
1776	81300	5000	2	4020013	0	2
1777	81300	5000	2	4020014	0	2
1778	81300	5000	2	4020015	0	2
1779	81300	2500	2	4020007	0	2
1780	81300	2500	2	4020008	0	2
1781	81300	2500	2	4020009	0	2
1782	75013	6000	2	4080003	0	2
1783	75013	6000	2	4080002	0	2
1784	75013	4000	2	4090006	0	2
1785	75013	4000	2	4090007	0	2
1786	81301	10000	1	646	1	1
1787	81302	10000	1	647	1	1
1788	81303	10000	1	648	1	1
1789	81304	10000	1	649	1	1
1790	81305	10000	1	650	1	1
1791	81400	7500	2	4020019	0	2
1792	81400	7500	2	4020020	0	2
1793	81400	7500	2	4020021	0	2
1794	81400	5000	2	4020010	0	2
1795	81400	5000	2	4020011	0	2
1796	81400	5000	2	4020012	0	2
1797	75014	6000	2	4080003	0	2
1798	75014	6000	2	4080002	0	2
1799	75014	6000	2	4080001	0	2
1800	75014	4000	2	4090006	0	2
1801	75014	4000	2	4090007	0	2
1802	81401	10000	2	4030011	1	1
1803	81402	10000	1	651	1	1
1804	81403	10000	1	652	1	1
1805	81404	10000	1	653	1	1
1806	81405	10000	1	654	1	1
1807	75015	6000	2	4080003	0	3
1808	75015	4000	2	4090006	0	2
1809	75015	4000	2	4090007	0	2
1810	81501	10000	1	655	1	1
1811	81502	10000	1	656	1	1
1812	81503	10000	1	657	1	1
1813	81504	10000	1	658	1	1
1814	81505	10000	1	659	1	1
1815	81600	7500	2	4020022	0	2
1816	81600	7500	2	4020023	0	2
1817	81600	7500	2	4020024	0	2
1818	81600	5000	2	4020016	0	2
1819	81600	5000	2	4020017	0	2
1820	81600	5000	2	4020018	0	2
1821	81600	2500	2	4020013	0	2
1822	81600	2500	2	4020014	0	2
1823	81600	2500	2	4020015	0	2
1824	75016	6000	2	4080003	0	3
1825	75016	6000	2	4080001	0	2
1826	75016	4000	2	4090006	0	2
1827	75016	4000	2	4090007	0	2
1828	81601	10000	2	4030013	1	1
1829	81602	10000	1	660	1	1
1830	81603	10000	1	661	1	1
1831	81604	10000	1	662	1	1
1832	81605	10000	1	663	1	1
1833	81700	7500	2	4020022	0	2
1834	81700	7500	2	4020023	0	2
1835	81700	7500	2	4020024	0	2
1836	75017	6000	2	4080003	0	3
1837	75017	6000	2	4080002	0	1
1838	75017	6000	2	4080001	0	1
1839	75017	4000	2	4090006	0	2
1840	75017	4000	2	4090007	0	2
1841	81701	10000	1	664	1	1
1842	81702	10000	1	665	1	1
1843	81703	10000	1	666	1	1
1844	81704	10000	1	667	1	1
1845	81705	10000	1	668	1	1
1846	81800	7500	2	4020025	0	2
1847	81800	7500	2	4020026	0	2
1848	81800	7500	2	4020027	0	2
1849	81800	5000	2	4020016	0	2
1850	81800	5000	2	4020017	0	2
1851	81800	5000	2	4020018	0	2
1852	75018	6000	2	4080003	0	3
1853	75018	6000	2	4080002	0	2
1854	75018	4000	2	4090006	0	2
1855	75018	4000	2	4090007	0	2
1856	81801	10000	2	4030015	1	1
1857	81802	10000	1	669	1	1
1858	81803	10000	2	4030015	1	1
1859	81804	10000	1	670	1	1
1860	81805	10000	1	671	1	1
1861	81900	7500	2	4020028	0	2
1862	81900	7500	2	4020029	0	2
1863	81900	7500	2	4020030	0	2
1864	81900	5000	2	4020019	0	2
1865	81900	5000	2	4020020	0	2
1866	81900	5000	2	4020021	0	2
1867	75019	6000	2	4080003	0	3
1868	75019	6000	2	4080002	0	2
1869	75019	6000	2	4080001	0	2
1870	75019	4000	2	4090006	0	2
1871	75019	4000	2	4090007	0	2
1872	81901	10000	2	4030016	1	1
1873	81902	10000	1	672	1	1
1874	81903	10000	2	4030016	1	1
1875	81904	10000	1	673	1	1
1876	81905	10000	1	674	1	1
1877	82000	7500	2	4020031	0	2
1878	82000	7500	2	4020032	0	2
1879	82000	7500	2	4020033	0	2
1880	82000	5000	2	4020019	0	2
1881	82000	5000	2	4020020	0	2
1882	82000	5000	2	4020021	0	2
1883	75020	6000	2	4080003	0	4
1884	75020	4000	2	4090006	0	2
1885	75020	4000	2	4090007	0	2
1886	82001	10000	2	4030017	1	1
1887	82002	10000	1	675	1	1
1888	82003	10000	2	4030017	1	1
1889	82004	10000	1	676	1	1
1890	82005	10000	1	677	1	1
1891	90101	10000	2	4070004	10	10
1892	90101	10000	2	4020000	5	5
1893	90101	10000	2	2	50	50
1894	90101	10000	2	1	6000	6000
1895	90101	10000	2	4020001	5	5
1896	90101	10000	2	4020002	5	5
1897	90101	10000	2	4020003	5	5
1898	90201	10000	2	4070028	1	1
1899	90201	10000	2	4020000	5	5
1900	90201	10000	2	2	10	10
1901	90201	10000	2	1	8000	8000
1902	90202	10000	2	4070028	1	1
1903	90202	10000	2	4020000	5	5
1904	90202	10000	2	2	60	60
1905	90202	10000	2	1	12000	12000
1906	90203	10000	2	4070028	1	1
1907	90203	10000	2	4020000	5	5
1908	90203	10000	2	2	60	60
1909	90203	10000	2	1	12000	12000
1910	90301	10000	2	4070028	1	1
1911	90301	10000	2	4020000	10	10
1912	90301	10000	2	2	10	10
1913	90301	10000	2	1	10000	10000
1914	90302	10000	2	4070028	1	1
1915	90302	10000	2	4020000	10	10
1916	90302	10000	2	2	30	30
1917	90302	10000	2	1	16000	16000
1918	90303	10000	2	4070028	1	1
1919	90303	10000	2	4020000	10	10
1920	90303	10000	2	2	60	60
1921	90303	10000	2	1	16000	16000
1922	90401	10000	2	4070028	1	1
1923	90401	10000	2	4020000	10	10
1924	90401	10000	2	2	10	10
1925	90401	10000	2	1	12000	12000
1926	90402	10000	2	4070028	1	1
1927	90402	10000	2	4020000	10	10
1928	90402	10000	2	2	30	30
1929	90402	10000	2	1	20000	20000
1930	90403	10000	2	4070028	1	1
1931	90403	10000	2	4020000	10	10
1932	90403	10000	2	2	60	60
1933	90403	10000	2	1	20000	20000
1934	90501	10000	2	4070028	1	1
1935	90501	10000	2	4020000	10	10
1936	90501	10000	2	2	10	10
1937	90501	10000	2	1	14000	14000
1938	90502	10000	2	4070028	1	1
1939	90502	10000	2	4020000	10	10
1940	90502	10000	2	2	30	30
1941	90502	10000	2	1	22000	22000
1942	90503	10000	2	4070028	1	1
1943	90503	10000	2	4020000	10	10
1944	90503	10000	2	2	60	60
1945	90503	10000	2	1	24000	24000
1946	20201	10000	2	4010019	1	1
1947	20202	10000	2	4040003	1	1
1948	20203	10000	2	4010006	1	1
1949	20204	10000	2	4040002	1	1
1950	20205	10000	2	4070019	5	5
1951	20206	10000	2	4040001	1	1
1952	20207	10000	2	4070006	5	5
1953	20208	10000	2	4110203	5	5
1954	20209	10000	2	4070027	5	5
1955	20210	10000	2	4090010	30	30
1956	20211	10000	2	4070024	5	5
1957	20212	10000	2	4080004	5	5
1958	20213	10000	2	4070023	5	5
1959	20214	10000	2	4040003	1	1
1960	20215	10000	2	4090008	30	30
1961	20216	10000	2	4110203	3	3
1962	20217	10000	2	4080002	10	10
1963	20218	10000	2	4040003	1	1
1964	20219	10000	2	4080003	15	15
1965	20220	10000	2	4010003	1	1
1966	20221	10000	2	4050003	1	1
1967	20222	10000	2	4010010	1	1
1968	20223	10000	2	4050002	1	1
1969	20224	10000	2	4070003	5	5
1970	20225	10000	2	4050001	1	1
1971	20226	10000	2	4070010	5	5
1972	20227	10000	2	4110203	3	3
1973	20228	10000	2	4070005	5	5
1974	20229	10000	2	4090010	30	30
1975	20230	10000	2	4070017	5	5
1976	20231	10000	2	4080004	5	5
1977	20232	10000	2	4070025	5	5
1978	20233	10000	2	4050003	1	1
1979	20234	10000	2	4110203	1	1
1980	20235	10000	2	4080004	5	5
1981	20236	10000	2	4090009	30	30
1982	20237	10000	2	4090008	30	30
1983	20238	10000	2	4070009	5	5
1984	20239	10000	2	4020000	100	100
1985	20240	10000	2	4070022	5	5
1986	20241	10000	2	4020000	60	60
1987	20242	10000	2	4070028	5	5
1988	20243	10000	2	4020000	20	20
1989	20244	10000	2	4070021	5	5
1990	20245	10000	1	678	1	1
1991	20245	10000	1	679	1	1
1992	20245	10000	1	680	1	1
1993	20245	10000	1	681	1	1
1994	20245	10000	1	682	1	1
1995	20245	10000	1	683	1	1
1996	20245	10000	1	684	1	1
1997	20245	10000	1	685	1	1
1998	20245	10000	1	686	1	1
1999	20245	10000	1	687	1	1
2000	20245	10000	1	688	1	1
2001	20245	10000	1	689	1	1
2002	20245	10000	1	690	1	1
2003	20246	10000	2	4100002	5	5
2004	20247	10000	2	4090010	5	5
2005	20248	10000	1	691	1	1
2006	20249	10000	2	4020000	10	10
2007	20250	10000	1	691	1	1
2008	20251	10000	2	4020000	20	20
2009	20252	10000	2	4020000	10	10
2010	20253	10000	1	693	1	1
2011	20253	10000	1	694	1	1
2012	20253	10000	1	695	1	1
2013	20253	10000	1	696	1	1
2014	20253	10000	1	697	1	1
2015	20253	10000	1	698	1	1
2016	20253	10000	1	699	1	1
2017	20253	10000	1	700	1	1
2018	20253	10000	1	701	1	1
2019	20253	10000	1	702	1	1
2020	20253	10000	1	703	1	1
2021	20253	10000	1	704	1	1
2022	20265	10000	1	705	1	1
2023	20266	10000	2	4070005	1	1
2024	20266	10000	2	1	2000	2000
2025	20266	10000	2	4050001	1	1
2026	20266	10000	2	4080002	10	10
2027	20267	10000	2	4070005	1	1
2028	20267	10000	2	1	3000	3000
2029	20267	10000	2	4050001	1	1
2030	20267	10000	2	4080002	10	10
2031	20268	10000	2	4070005	1	1
2032	20268	10000	2	1	4000	4000
2033	20268	10000	2	4050001	1	1
2034	20268	10000	2	4080002	10	10
2035	20269	10000	2	4070005	1	1
2036	20269	10000	2	1	5000	5000
2037	20269	10000	2	4050001	1	1
2038	20269	10000	2	4080002	10	10
2039	20270	10000	2	4070005	1	1
2040	20270	10000	2	1	6000	6000
2041	20270	10000	2	4050001	1	1
2042	20270	10000	2	4080002	10	10
2043	20271	10000	2	4070005	1	1
2044	20271	10000	2	1	7000	7000
2045	20271	10000	2	4050001	1	1
2046	20271	10000	2	4080002	10	10
2047	20272	10000	2	4070005	1	1
2048	20272	10000	2	1	8000	8000
2049	20272	10000	2	4050001	1	1
2050	20272	10000	2	4080002	10	10
2051	20273	10000	2	4070005	1	1
2052	20273	10000	2	1	9000	9000
2053	20273	10000	2	4050001	1	1
2054	20273	10000	2	4080002	10	10
2055	20274	10000	2	4070005	1	1
2056	20274	10000	2	1	10000	10000
2057	20274	10000	2	4050001	2	2
2058	20274	10000	2	4080002	10	10
2059	20275	10000	2	4070005	1	1
2060	20275	10000	2	1	11000	11000
2061	20275	10000	2	4050001	2	2
2062	20275	10000	2	4080002	10	10
2063	20276	10000	2	4070005	1	1
2064	20276	10000	2	1	12000	12000
2065	20276	10000	2	4050001	2	2
2066	20276	10000	2	4080002	10	10
2067	20277	10000	2	4070005	1	1
2068	20277	10000	2	1	13000	13000
2069	20277	10000	2	4050001	2	2
2070	20277	10000	2	4080002	10	10
2071	20278	10000	2	4070005	1	1
2072	20278	10000	2	1	14000	14000
2073	20278	10000	2	4050001	2	2
2074	20278	10000	2	4080002	10	10
2075	20279	10000	2	4070005	1	1
2076	20279	10000	2	1	15000	15000
2077	20279	10000	2	4050001	3	3
2078	20279	10000	2	4080002	10	10
2079	20280	10000	2	4070005	1	1
2080	20280	10000	2	1	16000	16000
2081	20280	10000	2	4050001	3	3
2082	20280	10000	2	4080002	10	10
2083	20281	10000	2	4070005	1	1
2084	20281	10000	2	1	17000	17000
2085	20281	10000	2	4050001	3	3
2086	20281	10000	2	4080002	10	10
2087	20282	10000	2	4070005	1	1
2088	20282	10000	2	1	18000	18000
2089	20282	10000	2	4050001	3	3
2090	20282	10000	2	4080002	10	10
2091	20283	10000	2	4070005	1	1
2092	20283	10000	2	1	19000	19000
2093	20283	10000	2	4050001	3	3
2094	20283	10000	2	4080002	10	10
2095	20284	10000	2	4070008	1	1
2096	20284	10000	2	1	20000	20000
2097	20284	10000	2	4050001	4	4
2098	20284	10000	2	4080002	10	10
2099	20285	10000	2	4070008	1	1
2100	20285	10000	2	1	21000	21000
2101	20285	10000	2	4050001	4	4
2102	20285	10000	2	4080002	10	10
2103	20286	10000	2	4070008	1	1
2104	20286	10000	2	1	22000	22000
2105	20286	10000	2	4050001	4	4
2106	20286	10000	2	4080002	10	10
2107	20287	10000	2	4070008	1	1
2108	20287	10000	2	1	23000	23000
2109	20287	10000	2	4050001	4	4
2110	20287	10000	2	4080002	10	10
2111	20288	10000	2	4070008	1	1
2112	20288	10000	2	1	24000	24000
2113	20288	10000	2	4050001	4	4
2114	20288	10000	2	4080002	10	10
2115	20289	10000	2	4070008	1	1
2116	20289	10000	2	1	25000	25000
2117	20289	10000	2	4050001	5	5
2118	20289	10000	2	4080002	10	10
2119	20290	10000	2	4070008	1	1
2120	20290	10000	2	1	26000	26000
2121	20290	10000	2	4050001	5	5
2122	20290	10000	2	4080002	10	10
2123	20291	10000	2	4070008	1	1
2124	20291	10000	2	1	27000	27000
2125	20291	10000	2	4050001	5	5
2126	20291	10000	2	4080002	10	10
2127	20292	10000	2	4070008	1	1
2128	20292	10000	2	1	28000	28000
2129	20292	10000	2	4050001	5	5
2130	20292	10000	2	4080002	10	10
2131	20293	10000	2	4070008	1	1
2132	20293	10000	2	1	29000	29000
2133	20293	10000	2	4050001	5	5
2134	20293	10000	2	4080002	10	10
2135	20294	10000	2	4070008	1	1
2136	20294	10000	2	1	30000	30000
2137	20294	10000	2	4050001	6	6
2138	20294	10000	2	4080002	10	10
2139	20295	10000	2	4070008	1	1
2140	20295	10000	2	1	31000	31000
2141	20295	10000	2	4050001	6	6
2142	20295	10000	2	4080002	10	10
2143	20296	10000	2	4070008	1	1
2144	20296	10000	2	1	32000	32000
2145	20296	10000	2	4050001	6	6
2146	20296	10000	2	4080002	10	10
2147	20297	10000	2	4070008	1	1
2148	20297	10000	2	1	33000	33000
2149	20297	10000	2	4050001	6	6
2150	20297	10000	2	4080002	10	10
2151	20298	10000	2	4070008	1	1
2152	20298	10000	2	1	34000	34000
2153	20298	10000	2	4050001	6	6
2154	20298	10000	2	4080002	10	10
2155	20299	10000	2	4070008	1	1
2156	20299	10000	2	1	35000	35000
2157	20299	10000	2	4050001	7	7
2158	20299	10000	2	4080002	10	10
2159	20300	10000	2	4070008	1	1
2160	20300	10000	2	1	36000	36000
2161	20300	10000	2	4050001	7	7
2162	20300	10000	2	4080002	10	10
2163	20301	10000	2	4070008	1	1
2164	20301	10000	2	1	37000	37000
2165	20301	10000	2	4050001	7	7
2166	20301	10000	2	4080002	10	10
2167	20302	10000	2	4070008	1	1
2168	20302	10000	2	1	38000	38000
2169	20302	10000	2	4050001	7	7
2170	20302	10000	2	4080002	10	10
2171	20303	10000	2	4070008	1	1
2172	20303	10000	2	1	39000	39000
2173	20303	10000	2	4050001	7	7
2174	20303	10000	2	4080002	10	10
2175	20304	10000	2	4070008	1	1
2176	20304	10000	2	1	40000	40000
2177	20304	10000	2	4050001	8	8
2178	20304	10000	2	4080002	10	10
2179	20305	10000	2	4070008	1	1
2180	20305	10000	2	1	41000	41000
2181	20305	10000	2	4050001	8	8
2182	20305	10000	2	4080002	10	10
2183	20306	10000	2	4070008	1	1
2184	20306	10000	2	1	42000	42000
2185	20306	10000	2	4050001	8	8
2186	20306	10000	2	4080002	10	10
2187	20307	10000	2	4070008	1	1
2188	20307	10000	2	1	43000	43000
2189	20307	10000	2	4050001	8	8
2190	20307	10000	2	4080002	10	10
2191	20308	10000	2	4070008	1	1
2192	20308	10000	2	1	44000	44000
2193	20308	10000	2	4050001	8	8
2194	20308	10000	2	4080002	10	10
2195	20309	10000	2	4070008	1	1
2196	20309	10000	2	1	45000	45000
2197	20309	10000	2	4050001	9	9
2198	20309	10000	2	4080002	10	10
2199	20310	10000	2	4070008	1	1
2200	20310	10000	2	1	46000	46000
2201	20310	10000	2	4050001	9	9
2202	20310	10000	2	4080002	10	10
2203	20311	10000	2	4070008	1	1
2204	20311	10000	2	1	47000	47000
2205	20311	10000	2	4050001	9	9
2206	20311	10000	2	4080002	10	10
2207	20312	10000	2	4070008	1	1
2208	20312	10000	2	1	48000	48000
2209	20312	10000	2	4050001	9	9
2210	20312	10000	2	4080002	10	10
2211	20313	10000	2	4070008	1	1
2212	20313	10000	2	1	49000	49000
2213	20313	10000	2	4050001	9	9
2214	20313	10000	2	4080002	10	10
2215	20314	10000	2	4070008	1	1
2216	20314	10000	2	1	50000	50000
2217	20314	10000	2	4050001	10	10
2218	20314	10000	2	4080002	10	10
2219	20315	10000	2	2	50	50
2220	20315	10000	2	1	5000	5000
2221	20316	10000	2	2	60	60
2222	20316	10000	2	1	5000	5000
2223	20317	10000	2	2	60	60
2224	20317	10000	2	1	6000	6000
2225	20318	10000	2	2	60	60
2226	20318	10000	2	1	6000	6000
2227	20319	10000	2	2	60	60
2228	20319	10000	2	1	8000	8000
2229	20320	10000	2	2	60	60
2230	20320	10000	2	1	8000	8000
2231	20321	10000	2	2	60	60
2232	20321	10000	2	1	10000	10000
2233	20322	10000	2	2	60	60
2234	20322	10000	2	1	10000	10000
2235	20323	10000	2	2	80	80
2236	20323	10000	2	1	12000	12000
2237	20324	10000	2	2	80	80
2238	20324	10000	2	1	12000	12000
2239	20325	10000	2	2	80	80
2240	20325	10000	2	1	14000	14000
2241	20326	10000	2	2	80	80
2242	20326	10000	2	1	14000	14000
2243	20327	10000	2	2	80	80
2244	20327	10000	2	1	16000	16000
2245	20328	10000	2	2	100	100
2246	20328	10000	2	4100007	1	1
2247	20329	10000	2	2	100	100
2248	20329	10000	2	1	18000	18000
2249	20330	10000	2	2	100	100
2250	20330	10000	2	1	18000	18000
2251	20331	10000	2	2	100	100
2252	20331	10000	2	4100007	1	1
2253	20332	10000	2	2	100	100
2254	20332	10000	2	1	25000	25000
2255	20333	10000	2	2	100	100
2256	20333	10000	2	1	27500	27500
2257	20334	10000	2	2	100	100
2258	20334	10000	2	4100004	1	1
2259	20335	10000	2	2	100	100
2260	20335	10000	2	1	32500	32500
2261	20336	10000	2	2	100	100
2262	20336	10000	2	1	35000	35000
2263	20337	10000	2	2	100	100
2264	20337	10000	2	1	37500	37500
2265	20338	10000	2	2	100	100
2266	20338	10000	2	4100004	1	1
2267	20339	10000	2	2	110	110
2268	20339	10000	2	1	42500	42500
2269	20340	10000	2	2	120	120
2270	20340	10000	2	1	45000	45000
2271	20341	10000	2	2	130	130
2272	20341	10000	2	1	50000	50000
2273	20342	10000	2	2	140	140
2274	20342	10000	2	4100004	1	1
2275	20343	10000	2	2	150	150
2276	20343	10000	2	1	60000	60000
2277	20344	10000	2	2	160	160
2278	20344	10000	2	1	80000	80000
2279	20345	10000	2	2	180	180
2280	20345	10000	2	4011007	1	1
2281	20346	10000	2	2	240	240
2282	20346	10000	2	1	100000	100000
2283	20347	10000	2	2	300	300
2284	20347	10000	2	4011001	1	1
2285	20348	10000	1	706	1	1
2286	20348	10000	2	1	30000	30000
2287	20349	10000	1	706	1	1
2288	20349	10000	2	1	30000	30000
2289	20350	10000	1	706	1	1
2290	20350	10000	2	1	30000	30000
2291	20350	10000	2	7	200	200
2292	20351	10000	1	706	1	1
2293	20351	10000	2	1	30000	30000
2294	20352	10000	1	706	1	1
2295	20352	10000	2	1	30000	30000
2296	20353	10000	1	706	1	1
2297	20353	10000	2	1	30000	30000
2298	20353	10000	2	7	200	200
2299	20354	10000	1	707	1	1
2300	20354	10000	2	1	35000	35000
2301	20355	10000	1	707	1	1
2302	20355	10000	2	1	35000	35000
2303	20356	10000	1	707	1	1
2304	20356	10000	2	1	35000	35000
2305	20356	10000	2	7	300	300
2306	20357	10000	1	707	1	1
2307	20357	10000	2	1	35000	35000
2308	20358	10000	1	707	1	1
2309	20358	10000	2	1	35000	35000
2310	20359	10000	1	707	1	1
2311	20359	10000	2	1	35000	35000
2312	20359	10000	2	7	300	300
2313	20360	10000	1	708	1	1
2314	20360	10000	2	1	40000	40000
2315	20361	10000	1	708	1	1
2316	20361	10000	2	1	40000	40000
2317	20362	10000	1	708	1	1
2318	20362	10000	2	1	40000	40000
2319	20362	10000	2	7	400	400
2320	20363	10000	1	708	1	1
2321	20363	10000	2	1	50000	50000
2322	20364	10000	1	708	1	1
2323	20364	10000	2	1	50000	50000
2324	20365	10000	1	708	1	1
2325	20365	10000	2	1	50000	50000
2326	20365	10000	2	7	500	500
2327	20366	1000	1	709	1	1
2328	20366	10000	2	4080001	1	1
2329	20366	10000	1	706	1	1
2330	20366	5	1	710	1	1
2331	20366	10000	2	1	10000	10000
2332	20367	1000	1	709	1	1
2333	20367	10000	2	4080001	1	1
2334	20367	10000	1	706	1	1
2335	20367	5	1	710	1	1
2336	20367	10000	2	1	10000	10000
2337	20368	1000	1	709	1	1
2338	20368	10000	2	4080001	1	1
2339	20368	10000	1	706	1	1
2340	20368	5	1	710	1	1
2341	20368	10000	2	1	10000	10000
2342	20369	1000	1	709	1	1
2343	20369	10000	2	4080001	1	1
2344	20369	10000	1	706	1	1
2345	20369	5	1	710	1	1
2346	20369	10000	2	1	10000	10000
2347	20370	1000	1	709	1	1
2348	20370	10000	2	4080001	1	1
2349	20370	10000	1	706	1	1
2350	20370	5	1	710	1	1
2351	20370	10000	2	1	10000	10000
2352	20371	1000	1	709	1	1
2353	20371	10000	2	4080001	1	1
2354	20371	10000	1	706	1	1
2355	20371	5	1	710	1	1
2356	20371	10000	2	1	10000	10000
2357	20372	1000	1	709	1	1
2358	20372	10000	2	4080002	1	1
2359	20372	10000	1	707	1	1
2360	20372	5	1	710	1	1
2361	20372	10000	2	1	12000	12000
2362	20373	1000	1	709	1	1
2363	20373	10000	2	4080002	1	1
2364	20373	10000	1	707	1	1
2365	20373	5	1	710	1	1
2366	20373	10000	2	1	12000	12000
2367	20374	1000	1	709	1	1
2368	20374	10000	2	4080002	1	1
2369	20374	10000	1	707	1	1
2370	20374	5	1	710	1	1
2371	20374	10000	2	1	12000	12000
2372	20375	1000	1	709	1	1
2373	20375	10000	2	4080002	1	1
2374	20375	10000	1	707	1	1
2375	20375	5	1	710	1	1
2376	20375	10000	2	1	12000	12000
2377	20376	1000	1	709	1	1
2378	20376	10000	2	4080002	1	1
2379	20376	10000	1	707	1	1
2380	20376	5	1	710	1	1
2381	20376	10000	2	1	12000	12000
2382	20377	1000	1	709	1	1
2383	20377	10000	2	4080002	1	1
2384	20377	10000	1	707	1	1
2385	20377	5	1	710	1	1
2386	20377	500	1	691	1	1
2387	20377	10000	2	1	12000	12000
2388	20378	1000	1	709	1	1
2389	20378	10000	2	4080003	1	1
2390	20378	10000	1	708	1	1
2391	20378	5	1	710	1	1
2392	20378	500	1	691	1	1
2393	20378	10000	2	1	15000	15000
2394	20379	1000	1	709	1	1
2395	20379	10000	2	4080003	1	1
2396	20379	10000	1	708	1	1
2397	20379	5	1	710	1	1
2398	20379	500	1	691	1	1
2399	20379	10000	2	1	15000	15000
2400	20380	1000	1	709	1	1
2401	20380	10000	2	4080003	1	1
2402	20380	10000	1	708	1	1
2403	20380	5	1	710	1	1
2404	20380	600	1	691	1	1
2405	20380	10000	2	1	15000	15000
2406	20381	1000	1	709	1	1
2407	20381	10000	2	4080003	1	1
2408	20381	10000	1	708	1	1
2409	20381	5	1	710	1	1
2410	20381	600	1	691	1	1
2411	20381	10000	2	1	20000	20000
2412	20382	1000	1	709	1	1
2413	20382	10000	2	4080003	1	1
2414	20382	10000	1	708	1	1
2415	20382	5	1	710	1	1
2416	20382	600	1	691	1	1
2417	20382	10000	2	1	20000	20000
2418	20383	1000	1	709	1	1
2419	20383	10000	2	4080003	1	1
2420	20383	10000	1	708	1	1
2421	20383	5	1	710	1	1
2422	20383	600	1	691	1	1
2423	20383	10000	2	1	20000	20000
2424	20384	10000	1	712	1	1
2425	20385	10000	2	18	1	1
2426	20386	10000	1	723	1	1
2427	20386	10000	1	713	1	1
2428	20387	10000	1	724	1	1
2429	20387	10000	1	714	1	1
2430	20388	10000	1	725	1	1
2431	20388	10000	1	715	1	1
2432	20389	10000	1	726	1	1
2433	20389	10000	1	716	1	1
2434	20390	10000	1	727	1	1
2435	20390	10000	1	717	1	1
2436	20391	10000	1	728	1	1
2437	20391	10000	1	718	1	1
2438	20392	10000	1	729	1	1
2439	20392	10000	1	719	1	1
2440	20393	10000	2	4080001	420	420
2441	20393	10000	2	4080002	400	400
2442	20394	10000	2	4080001	530	530
2443	20394	10000	2	4080002	300	300
2444	20394	10000	2	4080003	100	100
2445	20395	10000	2	4080001	400	400
2446	20395	10000	2	4080002	400	400
2447	20395	10000	2	4080003	200	200
2448	20396	10000	2	4080003	216	216
2449	20396	10000	2	4080004	150	150
2450	20397	10000	2	4080003	301	301
2451	20397	10000	2	4080004	99	99
2452	20397	10000	2	4080005	50	50
2453	20398	10000	2	4080004	89	89
2454	20398	10000	2	4080005	60	60
2455	20398	10000	2	4080006	20	20
2456	20399	10000	2	4080004	80	80
2457	20399	10000	2	4080005	50	50
2458	20399	10000	2	4080006	30	30
2459	20399	10000	2	4080003	7	7
2460	20400	10000	2	4080001	210	210
2461	20400	10000	2	4080002	200	200
2462	20401	10000	2	4080001	265	265
2463	20401	10000	2	4080002	150	150
2464	20401	10000	2	4080003	50	50
2465	20402	10000	2	4080001	200	200
2466	20402	10000	2	4080002	200	200
2467	20402	10000	2	4080003	100	100
2468	20403	10000	2	4080003	108	108
2469	20403	10000	2	4080004	75	75
2470	20404	10000	2	4080003	150	150
2471	20404	10000	2	4080004	49	49
2472	20404	10000	2	4080005	25	25
2473	20405	10000	2	4080004	44	44
2474	20405	10000	2	4080005	30	30
2475	20405	10000	2	4080006	10	10
2476	20406	10000	2	4080004	40	40
2477	20406	10000	2	4080005	25	25
2478	20406	10000	2	4080006	15	15
2479	20406	10000	2	4080003	3	3
2480	20407	10000	2	4100004	1	1
2481	20408	10000	2	4010001	1	1
2482	20409	10000	2	4010003	1	1
2483	20410	10000	2	4010005	1	1
2484	20411	10000	2	4010002	1	1
2485	20412	10000	2	4110203	1	1
2486	20413	10000	2	4010008	1	1
2487	20414	10000	2	4010016	1	1
2488	20415	10000	2	4010010	1	1
2489	20416	10000	2	4010006	1	1
2490	20417	10000	2	4010007	1	1
2491	20418	10000	2	4010026	1	1
2492	20419	10000	2	4010004	1	1
2493	20420	10000	2	4010009	1	1
2494	20421	10000	2	4010022	1	1
2495	20422	10000	2	4010023	1	1
2496	20423	10000	2	4010024	1	1
2497	20424	10000	2	4010027	1	1
2498	20425	10000	2	4010028	1	1
2499	20426	10000	2	4010017	1	1
2500	20427	10000	2	4010018	1	1
2501	20428	10000	2	4010020	1	1
2502	20429	10000	2	4010021	1	1
2503	20430	10000	2	4010025	1	1
2504	20431	10000	1	744	1	1
2505	20431	10000	1	745	1	1
2506	20432	10000	1	746	1	1
2507	20432	10000	1	747	1	1
2508	20433	10000	1	748	1	1
2509	20434	10000	1	749	1	1
5001	50001	10000	2	4020000	500000	500000
5002	50001	10000	2	4020001	50000	50000
5003	50001	10000	2	4020002	50000	50000
5004	50001	10000	2	4020003	50000	50000
5005	50001	10000	2	4020004	50000	50000
5006	50001	10000	2	4020005	50000	50000
5007	50001	10000	2	4020006	50000	50000
5008	50001	10000	2	4020007	50000	50000
5009	50001	10000	2	4020008	50000	50000
5010	50001	10000	2	4020009	50000	50000
5011	50001	10000	2	4020010	50000	50000
5012	50001	10000	2	4020011	50000	50000
5013	50001	10000	2	4020012	50000	50000
5014	50001	10000	2	4020013	50000	50000
5015	50001	10000	2	4020014	50000	50000
5016	50001	10000	2	4020015	50000	50000
5017	50001	10000	2	4020016	50000	50000
5018	50001	10000	2	4020017	50000	50000
5019	50001	10000	2	4020018	50000	50000
5020	50001	10000	2	4020019	50000	50000
5021	50001	10000	2	4020020	50000	50000
5022	50001	10000	2	4020021	50000	50000
5023	50001	10000	2	4020022	50000	50000
5024	50001	10000	2	4020023	50000	50000
5025	50001	10000	2	4020024	50000	50000
5026	50001	10000	2	4020025	50000	50000
5027	50001	10000	2	4020026	50000	50000
5028	50001	10000	2	4020027	50000	50000
5029	50001	10000	2	4020028	50000	50000
5030	50001	10000	2	4020029	50000	50000
5031	50001	10000	2	4020030	50000	50000
5032	50001	10000	2	4020031	50000	50000
5033	50001	10000	2	4020032	50000	50000
5034	50001	10000	2	4020033	50000	50000
5035	50001	10000	2	4020034	50000	50000
5036	50001	10000	2	4020035	50000	50000
5037	50001	10000	2	4020036	50000	50000
5038	50001	10000	2	4020037	50000	50000
5039	50001	10000	2	4020038	50000	50000
5040	50001	10000	2	4020039	50000	50000
5041	50001	10000	2	4030001	50000	50000
5042	50001	10000	2	4030002	50000	50000
5043	50001	10000	2	4030003	50000	50000
5044	50001	10000	2	4030004	50000	50000
5045	50001	10000	2	4030005	50000	50000
5046	50001	10000	2	4030006	50000	50000
5047	50001	10000	2	4030007	50000	50000
5048	50001	10000	2	4030008	50000	50000
5049	50001	10000	2	4030009	50000	50000
5050	50001	10000	2	4030010	50000	50000
5051	50001	10000	2	4030011	50000	50000
5052	50001	10000	2	4030012	50000	50000
5053	50001	10000	2	4030013	50000	50000
5054	50001	10000	2	4030014	50000	50000
5055	50001	10000	2	4030015	50000	50000
5056	50001	10000	2	4030016	50000	50000
5057	50001	10000	2	4030017	50000	50000
5058	50001	10000	2	4030018	50000	50000
5059	20435	10000	1	750	1	1
5060	20436	10000	1	751	1	1
5061	20437	10000	1	752	1	1
5062	20438	10000	1	753	1	1
5063	20439	10000	1	754	1	1
5064	20440	10000	1	755	1	1
5065	20441	10000	1	756	1	1
5066	20442	10000	1	757	1	1
5067	20443	10000	2	1000012	1	1
5068	20443	10000	2	1000015	1	1
5069	20444	10000	1	758	1	1
5070	20445	10000	2	1000011	1	1
5071	20445	10000	2	1000001	1	1
5072	20446	10000	2	1000019	1	1
5073	20446	10000	2	1000016	1	1
5074	20447	10000	2	1000003	1	1
5075	20447	10000	2	1000006	1	1
5076	20448	10000	2	1000007	1	1
5077	20448	10000	2	1000008	1	1
5078	20449	10000	2	1000009	1	1
5079	20449	10000	2	1000010	1	1
5080	20450	10000	2	1000024	1	1
5081	20450	10000	2	1000026	1	1
5082	20451	10000	2	1000027	1	1
5083	20451	10000	2	1000018	1	1
5084	20452	10000	2	4020004	1	1
5085	20452	10000	2	4020005	1	1
5086	20452	10000	2	4020006	1	1
5087	20453	10000	2	4020007	1	1
5088	20453	10000	2	4020008	1	1
5089	20453	10000	2	4020009	1	1
5090	20454	10000	2	4030002	4	4
5091	20455	10000	2	4030003	4	4
5092	20456	10000	2	4030004	4	4
5093	20457	10000	2	4030005	4	4
