怪物ID	卡片ID	初始怒气	攻击怒气	被击怒气	击杀怒气	攻击	防御	生命	伤害	免伤	暴击	抗暴	暴击强度	破档	格挡	格挡强度	治疗	吸血	反伤	控制率	免控	是否物品怪	形象模型阶段	怪物是否为觉醒	小技能释放概率	小技能等级	怒气技能等级	被动1等级	被动2等级	被动3等级	被动4等级	卡片战魂等级
Id	CardId	StartAnger	HitAnger	HitedAnger	KillAnger	Attack	Defense	HP	Damage	DamageOppose	Crit	CritOppose	CritDamage	BlockBreak	Block	BlockDamage	Cure	Suck	Thorns	Ctrl	FreeCtrl	IsObject	Models	IsAwake	SmallSkillRate	SmallSkill	AngerSkill	Skill1	Skill2	Skill3	Skill4	CardWarSoul
int	int	int	int	int	int	int	int	int	int	int	int	int	int	int	int	int	int	int	int	int	int	int	string	int	int	int	int	int	int	int	int	string
1	1000001	0	200	10000	300	1495	479	6012	600	300	400	0	0	400	0	0	10000	0	0	0	0	0		0	3300	1	1	1	1	1	1	0,0,0,0
2	1000002	0	200	10000	300	836	390	4103	100	0	0	0	0	250	0	0	10000	0	0	0	0	0		0	3300	1	1	1	1	1	1	0,0,0,0
3	1000003	0	200	10000	300	918	723	6459	0	500	400	0	0	0	500	0	10000	0	0	0	0	0		0	3300	1	1	1	1	1	1	0,0,0,0
4	1000004	0	200	10000	300	617	479	4306	0	0	0	100	0	0	0	0	10000	0	0	0	0	0		0	3300	1	1	1	1	1	1	0,0,0,0
5	1000005	0	200	10000	300	828	398	4062	0	100	1200	0	0	0	600	0	10000	0	0	0	0	0		0	3300	1	1	1	1	1	1	0,0,0,0
7	1000001	0	200	10000	300	1955	626	78625	600	300	400	0	0	400	0	0	10000	0	0	0	0	1		0	0	1	1	1	1	1	1	0,0,0,0
8	1000002	0	200	10000	300	1094	510	53656	100	0	0	0	0	250	0	0	10000	0	0	0	0	1		0	0	1	1	1	1	1	1	0,0,0,0
100	1000001	0	200	10000	300	1850	570	6500	600	300	400	0	0	400	0	0	10000	0	0	0	0	0		0	3300	1	1	1	1	1	1	0,0,0,0
101	1000002	0	200	10000	300	1150	560	5850	100	0	0	0	0	250	0	0	10000	0	0	0	0	0		0	3300	1	1	1	1	1	1	0,0,0,0
102	1000003	0	200	10000	300	1550	1020	10700	0	500	400	0	0	0	500	0	10000	0	0	0	0	0		0	3300	1	1	1	1	1	1	0,0,0,0
103	1000004	0	200	10000	300	850	500	6000	0	0	0	100	0	0	0	0	10000	0	0	0	0	0		0	3300	1	1	1	1	1	1	0,0,0,0
104	1000005	0	200	10000	300	1150	560	5850	15	115	200	0	0	0	600	0	10000	0	0	0	0	0		0	3300	1	1	1	1	1	1	0,0,0,0
105	1000006	0	200	10000	300	2200	630	10600	300	0	400	0	0	400	0	0	10000	0	0	0	0	0		0	3300	1	1	1	1	1	1	0,0,0,0
106	1000007	0	200	10000	300	2050	950	10690	300	300	400	400	0	0	0	0	10000	0	0	0	0	0		0	3300	1	1	1	1	1	1	0,0,0,0
107	1000008	0	200	10000	300	1550	1020	10700	0	300	0	400	0	0	400	0	10000	0	0	0	0	0		0	3300	1	1	1	1	1	1	0,0,0,0
108	1000009	0	200	10000	300	1850	950	10690	1000	0	0	0	0	250	0	0	10000	0	0	0	0	0		0	3300	1	1	1	1	1	1	0,0,0,0
109	1000010	0	200	10000	300	1350	920	10700	300	300	0	400	0	0	400	0	10000	0	0	0	0	0		0	3300	1	1	1	1	1	1	0,0,0,0
110	1000011	0	200	10000	300	4200	1000	10000	1700	0	1900	0	1000	1400	0	0	10000	0	0	0	0	0		0	3300	1	1	1	1	1	1	0,0,0,0
111	1000012	0	200	10000	300	3400	1200	10290	2000	0	2500	500	0	1000	0	0	10000	0	0	0	0	0		0	3300	1	1	1	1	1	1	0,0,0,0
112	1000013	0	200	10000	300	5200	1100	10000	2000	600	1200	0	1500	1500	0	0	10000	0	0	0	0	0		0	3300	1	1	1	1	1	1	0,0,0,0
113	1000014	0	200	10000	300	5200	1100	10000	2500	500	1800	500	1000	500	0	0	10000	0	0	0	0	0		0	3300	1	1	1	1	1	1	0,0,0,0
114	1000015	0	200	10000	300	4200	1000	10000	1800	800	2000	500	0	900	0	0	10000	0	0	0	0	0		0	3300	1	1	1	1	1	1	0,0,0,0
115	1000016	0	200	10000	300	1450	1220	10700	100	300	0	0	0	0	800	0	10000	0	0	0	0	0		0	3300	1	1	1	1	1	1	0,0,0,0
116	1000017	0	200	10000	300	1150	660	6850	0	0	100	0	0	0	400	0	10000	0	0	0	0	0		0	3300	1	1	1	1	1	1	0,0,0,0
117	1000018	0	200	10000	300	850	700	7000	0	300	0	0	0	0	100	0	10000	0	0	0	0	0		0	3300	1	1	1	1	1	1	0,0,0,0
118	1000019	0	200	10000	300	3400	2200	20290	2300	0	1400	0	900	1400	0	0	10000	0	0	0	0	0		0	3300	1	1	1	1	1	1	0,0,0,0
119	1000020	0	200	10000	300	850	700	7000	0	0	0	250	0	0	250	0	10000	0	0	0	0	0		0	3300	1	1	1	1	1	1	0,0,0,0
120	1000021	0	200	10000	300	850	700	7000	0	100	0	0	0	0	300	0	10000	0	0	0	0	0		0	3300	1	1	1	1	1	1	0,0,0,0
121	1000022	0	200	10000	300	1130	540	6000	0	0	100	0	0	0	0	0	10000	0	0	0	0	0		0	3300	1	1	1	1	1	1	0,0,0,0
122	1000023	0	200	10000	300	850	700	7000	0	100	0	0	0	0	250	0	10000	0	0	0	0	0		0	3300	1	1	1	1	1	1	0,0,0,0
123	1000024	0	200	10000	300	2300	930	10600	500	0	600	0	0	100	0	0	10000	0	0	0	0	0		0	3300	1	1	1	1	1	1	0,0,0,0
124	1000025	0	200	10000	300	1150	660	6850	0	0	900	0	0	0	0	0	10000	0	0	0	0	0		0	3300	1	1	1	1	1	1	0,0,0,0
125	1000026	0	200	10000	300	1350	1220	12700	600	0	550	0	0	0	0	0	10000	0	0	0	0	0		0	3300	1	1	1	1	1	1	0,0,0,0
126	1000027	0	200	10000	300	2200	930	10600	700	0	450	0	0	0	0	0	10000	0	0	0	0	0		0	3300	1	1	1	1	1	1	0,0,0,0
127	1000028	0	200	10000	300	1130	540	6000	0	0	250	100	0	0	0	0	10000	0	0	0	0	0		0	3300	1	1	1	1	1	1	0,0,0,0
200	2000107	-1000000	0	0	0	0	0	58485	0	0	0	0	0	0	0	0	0	0	0	0	0	1	model2007_1,model2007_2,model2007_3	0	0	1	1	1	1	1	0	0,0,0,0
201	2000107	-1000000	0	0	0	0	0	162574	0	0	0	0	0	0	0	0	0	0	0	0	0	1	model2007_1,model2007_2,model2007_3	0	0	1	1	1	1	1	0	0,0,0,0
202	2000107	-1000000	0	0	0	0	0	264364	0	0	0	0	0	0	0	0	0	0	0	0	0	1	model2007_1,model2007_2,model2007_3	0	0	1	1	1	1	1	0	0,0,0,0
203	2000107	-1000000	0	0	0	0	0	511806	0	0	0	0	0	0	0	0	0	0	0	0	0	1	model2007_1,model2007_2,model2007_3	0	0	1	1	1	1	1	0	0,0,0,0
204	2000107	-1000000	0	0	0	0	0	859329	0	0	0	0	0	0	0	0	0	0	0	0	0	1	model2007_1,model2007_2,model2007_3	0	0	1	1	1	1	1	0	0,0,0,0
205	2000107	-1000000	0	0	0	0	0	1054944	0	0	0	0	0	0	0	0	0	0	0	0	0	1	model2007_1,model2007_2,model2007_3	0	0	1	1	1	1	1	0	0,0,0,0
206	2000107	-1000000	0	0	0	0	0	1222194	0	0	0	0	0	0	0	0	0	0	0	0	0	1	model2007_1,model2007_2,model2007_3	0	0	1	1	1	1	1	0	0,0,0,0
207	2000108	-1000000	0	0	0	0	0	58485	0	0	0	0	0	0	0	0	0	0	0	0	0	1	model2008_1,model2008_2,model2008_3	0	0	1	1	1	1	1	0	0,0,0,0
208	2000108	-1000000	0	0	0	0	0	162574	0	0	0	0	0	0	0	0	0	0	0	0	0	1	model2008_1,model2008_2,model2008_3	0	0	1	1	1	1	1	0	0,0,0,0
209	2000108	-1000000	0	0	0	0	0	264364	0	0	0	0	0	0	0	0	0	0	0	0	0	1	model2008_1,model2008_2,model2008_3	0	0	1	1	1	1	1	0	0,0,0,0
210	2000108	-1000000	0	0	0	0	0	511806	0	0	0	0	0	0	0	0	0	0	0	0	0	1	model2008_1,model2008_2,model2008_3	0	0	1	1	1	1	1	0	0,0,0,0
211	2000108	-1000000	0	0	0	0	0	859329	0	0	0	0	0	0	0	0	0	0	0	0	0	1	model2008_1,model2008_2,model2008_3	0	0	1	1	1	1	1	0	0,0,0,0
212	2000108	-1000000	0	0	0	0	0	1054944	0	0	0	0	0	0	0	0	0	0	0	0	0	1	model2008_1,model2008_2,model2008_3	0	0	1	1	1	1	1	0	0,0,0,0
213	2000108	-1000000	0	0	0	0	0	1222194	0	0	0	0	0	0	0	0	0	0	0	0	0	1	model2008_1,model2008_2,model2008_3	0	0	1	1	1	1	1	0	0,0,0,0
1000	2000101	-1000000	200	10000	300	374	0	400	0	0	0	0	0	0	0	0	10000	0	0	0	0	0		0	0	1	1	1	1	1	1	0,0,0,0
1001	2000102	-1000000	200	10000	300	374	0	400	0	0	0	0	0	0	0	0	10000	0	0	0	0	0		0	0	1	1	1	1	1	1	0,0,0,0
1002	2000104	-1000000	200	10000	300	374	0	400	0	0	0	0	0	0	0	0	10000	0	0	0	0	0		0	0	1	1	1	1	1	1	0,0,0,0
1003	2000105	-1000000	200	10000	300	374	0	400	0	0	0	0	0	0	0	0	10000	0	0	0	0	0		0	0	1	1	1	1	1	1	0,0,0,0
1004	2000106	-1000000	200	10000	300	374	0	400	0	0	0	0	0	0	0	0	10000	0	0	0	0	0		0	0	1	1	1	1	1	1	0,0,0,0
1005	2000109	-1000000	200	10000	300	374	0	400	0	0	0	0	0	0	0	0	10000	0	0	0	0	0		0	0	1	1	1	1	1	1	0,0,0,0
1006	1000003	0	200	10000	300	820	0	3000	0	0	0	0	0	0	0	0	10000	0	0	0	0	0		0	3300	1	1	1	1	1	1	0,0,0,0
1007	1000007	0	200	10000	300	1045	0	2700	0	0	0	0	0	0	0	0	10000	0	0	0	0	0		0	3300	1	1	1	1	1	1	0,0,0,0
1008	1000006	0	200	10000	300	1234	0	2600	0	0	0	0	0	0	0	0	10000	0	0	0	0	0		0	3300	1	1	1	1	1	1	0,0,0,0
1009	1000004	0	200	10000	300	580	0	2000	0	0	0	0	0	0	0	0	10000	0	0	0	0	0		0	3300	1	1	1	1	1	1	0,0,0,0
1010	2000101	-1000000	200	10000	300	382	0	518	0	0	0	0	0	0	0	0	10000	0	0	0	0	0		0	0	1	1	1	1	1	1	0,0,0,0
1011	2000102	-1000000	200	10000	300	382	0	518	0	0	0	0	0	0	0	0	10000	0	0	0	0	0		0	0	1	1	1	1	1	1	0,0,0,0
1012	2000104	-1000000	200	10000	300	382	0	518	0	0	0	0	0	0	0	0	10000	0	0	0	0	0		0	0	1	1	1	1	1	1	0,0,0,0
1013	2000105	-1000000	200	10000	300	382	0	518	0	0	0	0	0	0	0	0	10000	0	0	0	0	0		0	0	1	1	1	1	1	1	0,0,0,0
1014	2000106	-1000000	200	10000	300	382	0	518	0	0	0	0	0	0	0	0	10000	0	0	0	0	0		0	0	1	1	1	1	1	1	0,0,0,0
1015	2000109	-1000000	200	10000	300	382	0	518	0	0	0	0	0	0	0	0	10000	0	0	0	0	0		0	0	1	1	1	1	1	1	0,0,0,0
1016	1000001	0	200	10000	300	1258	0	4200	0	0	0	0	0	0	0	0	10000	0	0	0	0	0		0	3300	1	1	1	1	1	1	0,0,0,0
1017	1000017	0	200	10000	300	737	0	3050	0	0	0	0	0	0	0	0	10000	0	0	0	0	0		0	3300	1	1	1	1	1	1	0,0,0,0
1018	1000009	0	200	10000	300	1065	0	4400	0	0	0	0	0	0	0	0	10000	0	0	0	0	0		0	3300	1	1	1	1	1	1	0,0,0,0
1019	2000101	-1000000	200	10000	300	390	33	936	0	0	0	0	0	0	0	0	10000	0	0	0	0	0		0	0	1	1	1	1	1	1	0,0,0,0
1020	2000102	-1000000	200	10000	300	390	33	936	0	0	0	0	0	0	0	0	10000	0	0	0	0	0		0	0	1	1	1	1	1	1	0,0,0,0
1021	2000104	-1000000	200	10000	300	390	33	936	0	0	0	0	0	0	0	0	10000	0	0	0	0	0		0	0	1	1	1	1	1	1	0,0,0,0
1022	2000105	-1000000	200	10000	300	390	33	936	0	0	0	0	0	0	0	0	10000	0	0	0	0	0		0	0	1	1	1	1	1	1	0,0,0,0
1023	2000106	-1000000	200	10000	300	390	33	936	0	0	0	0	0	0	0	0	10000	0	0	0	0	0		0	0	1	1	1	1	1	1	0,0,0,0
1024	2000109	-1000000	200	10000	300	390	33	936	0	0	0	0	0	0	0	0	10000	0	0	0	0	0		0	0	1	1	1	1	1	1	0,0,0,0
1025	1000002	0	200	10000	300	750	20	4500	0	0	0	0	0	0	0	0	10000	0	0	0	0	0		0	3300	1	1	1	1	1	1	0,0,0,0
1026	1000026	0	200	10000	300	1085	20	7020	0	0	0	0	0	0	0	0	10000	0	0	0	0	0		0	3300	1	1	1	1	1	1	0,0,0,0
1027	1000001	0	200	10000	300	1282	20	7020	0	0	0	0	0	0	0	0	10000	0	0	0	0	0		0	3300	1	1	1	1	1	1	0,0,0,0
1028	1000011	0	200	10000	300	1282	20	7020	0	0	0	0	0	0	0	0	10000	0	0	0	0	0		0	3300	1	1	1	1	1	1	0,0,0,0
1029	2000101	-1000000	200	10000	300	492	40	1176	0	0	0	0	0	0	0	0	10000	0	0	0	0	0		0	0	1	1	1	1	1	1	0,0,0,0
1030	2000102	-1000000	200	10000	300	492	40	1176	0	0	0	0	0	0	0	0	10000	0	0	0	0	0		0	0	1	1	1	1	1	1	0,0,0,0
1031	2000104	-1000000	200	10000	300	492	40	1176	0	0	0	0	0	0	0	0	10000	0	0	0	0	0		0	0	1	1	1	1	1	1	0,0,0,0
1032	2000105	-1000000	200	10000	300	492	40	1176	0	0	0	0	0	0	0	0	10000	0	0	0	0	0		0	0	1	1	1	1	1	1	0,0,0,0
1033	2000106	-1000000	200	10000	300	492	40	1176	0	0	0	0	0	0	0	0	10000	0	0	0	0	0		0	0	1	1	1	1	1	1	0,0,0,0
1034	2000109	-1000000	200	10000	300	492	40	1176	0	0	0	0	0	0	0	0	10000	0	0	0	0	0		0	0	1	1	1	1	1	1	0,0,0,0
1035	1000024	0	200	10000	300	1590	134	10640	0	0	0	0	0	0	0	0	10000	0	0	0	0	0		0	3300	1	1	1	1	1	1	0,0,0,0
1036	1000022	0	200	10000	300	1084	90	6700	0	0	0	0	0	0	0	0	10000	0	0	0	0	0		0	3300	1	1	1	1	1	1	0,0,0,0
1037	1000008	0	200	10000	300	1041	185	12490	0	0	0	0	0	0	0	0	10000	0	0	0	0	0		0	3300	1	1	1	1	1	1	0,0,0,0
1038	2000101	-1000000	200	10000	300	573	38	2280	0	0	0	0	0	0	0	0	10000	0	0	0	0	0		0	0	1	1	1	1	1	1	0,0,0,0
1039	2000102	-1000000	200	10000	300	573	38	2280	0	0	0	0	0	0	0	0	10000	0	0	0	0	0		0	0	1	1	1	1	1	1	0,0,0,0
1040	2000104	-1000000	200	10000	300	573	38	2280	0	0	0	0	0	0	0	0	10000	0	0	0	0	0		0	0	1	1	1	1	1	1	0,0,0,0
1041	2000105	-1000000	200	10000	300	573	38	2280	0	0	0	0	0	0	0	0	10000	0	0	0	0	0		0	0	1	1	1	1	1	1	0,0,0,0
1042	2000106	-1000000	200	10000	300	573	38	2280	0	0	0	0	0	0	0	0	10000	0	0	0	0	0		0	0	1	1	1	1	1	1	0,0,0,0
1043	2000109	-1000000	200	10000	300	573	38	2280	0	0	0	0	0	0	0	0	10000	0	0	0	0	0		0	0	1	1	1	1	1	1	0,0,0,0
1044	1000023	0	200	10000	300	830	188	8908	0	0	0	0	0	0	0	0	10000	0	0	0	0	0		0	3300	1	1	1	1	1	1	0,0,0,0
1045	1000024	0	200	10000	300	1735	205	7695	0	0	0	0	0	0	0	0	10000	0	0	0	0	0		0	3300	1	1	1	1	1	1	0,0,0,0
1046	1000021	0	200	10000	300	830	188	8908	0	0	0	0	0	0	0	0	10000	0	0	0	0	0		0	3300	1	1	1	1	1	1	0,0,0,0
1047	1000026	0	200	10000	300	1446	337	10230	0	0	0	0	0	0	0	0	10000	0	0	0	0	0		0	3300	1	1	1	1	1	1	0,0,0,0
1048	2000101	-1000000	200	10000	300	884	139	2903	0	0	0	0	0	0	0	0	10000	0	0	0	0	0		0	0	1	1	1	1	1	1	0,0,0,0
1049	2000102	-1000000	200	10000	300	884	139	2903	0	0	0	0	0	0	0	0	10000	0	0	0	0	0		0	0	1	1	1	1	1	1	0,0,0,0
1050	2000104	-1000000	200	10000	300	884	139	2903	0	0	0	0	0	0	0	0	10000	0	0	0	0	0		0	0	1	1	1	1	1	1	0,0,0,0
1051	2000105	-1000000	200	10000	300	884	139	2903	0	0	0	0	0	0	0	0	10000	0	0	0	0	0		0	0	1	1	1	1	1	1	0,0,0,0
1052	2000106	-1000000	200	10000	300	884	139	2903	0	0	0	0	0	0	0	0	10000	0	0	0	0	0		0	0	1	1	1	1	1	1	0,0,0,0
1053	2000109	-1000000	200	10000	300	884	139	2903	0	0	0	0	0	0	0	0	10000	0	0	0	0	0		0	0	1	1	1	1	1	1	0,0,0,0
1054	1000020	0	200	10000	300	1099	286	19968	0	0	0	0	0	0	0	0	10000	0	0	0	0	0		0	3300	1	1	1	1	1	1	0,0,0,0
1055	1000002	0	200	10000	300	1362	267	17460	0	0	0	0	0	0	0	0	10000	0	0	0	0	0		0	3300	1	1	1	1	1	1	0,0,0,0
1056	1000026	0	200	10000	300	1801	360	24900	0	0	0	0	0	0	0	0	10000	0	0	0	0	0		0	3300	1	1	1	1	1	1	0,0,0,0
1057	1000027	0	200	10000	300	2119	303	20908	0	0	0	0	0	0	0	0	10000	0	0	0	0	0		0	3300	1	1	1	1	1	1	0,0,0,0
1058	1000024	0	200	10000	300	2119	303	20908	0	0	0	0	0	0	0	0	10000	0	0	0	0	0		0	3300	1	1	1	1	1	1	0,0,0,0
1059	1000012	0	200	10000	300	3145	339	27220	0	0	0	0	0	0	0	0	10000	0	0	0	0	0		0	3300	1	1	1	1	1	1	0,0,0,0
1060	2000101	-1000000	200	10000	300	925	146	3018	0	0	0	0	0	0	0	0	10000	0	0	0	0	0		0	0	1	1	1	1	1	1	0,0,0,0
1061	2000102	-1000000	200	10000	300	925	146	3018	0	0	0	0	0	0	0	0	10000	0	0	0	0	0		0	0	1	1	1	1	1	1	0,0,0,0
1062	2000104	-1000000	200	10000	300	925	146	3018	0	0	0	0	0	0	0	0	10000	0	0	0	0	0		0	0	1	1	1	1	1	1	0,0,0,0
1063	2000105	-1000000	200	10000	300	925	146	3018	0	0	0	0	0	0	0	0	10000	0	0	0	0	0		0	0	1	1	1	1	1	1	0,0,0,0
1064	2000106	-1000000	200	10000	300	925	146	3018	0	0	0	0	0	0	0	0	10000	0	0	0	0	0		0	0	1	1	1	1	1	1	0,0,0,0
1065	2000109	-1000000	200	10000	300	925	146	3018	0	0	0	0	0	0	0	0	10000	0	0	0	0	0		0	0	1	1	1	1	1	1	0,0,0,0
1066	1000006	0	200	10000	300	2210	317	25788	0	0	0	0	0	0	0	0	10000	0	0	0	0	0		0	3300	1	1	1	1	1	1	0,0,0,0
1067	1000022	0	200	10000	300	1542	240	18108	0	0	0	0	0	0	0	0	10000	0	0	0	0	0		0	3300	1	1	1	1	1	1	0,0,0,0
1068	1000020	0	200	10000	300	1048	299	20784	0	0	0	0	0	0	0	0	10000	0	0	0	0	0		0	3300	1	1	1	1	1	1	0,0,0,0
1069	1000021	0	200	10000	300	1048	299	20784	0	0	0	0	0	0	0	0	10000	0	0	0	0	0		0	3300	1	1	1	1	1	1	0,0,0,0
1070	1000016	0	200	10000	300	1458	299	29970	0	0	0	0	0	0	0	0	10000	0	0	0	0	0		0	3300	1	1	1	1	1	1	0,0,0,0
1071	1000018	0	200	10000	300	1048	299	20784	0	0	0	0	0	0	0	0	10000	0	0	0	0	0		0	3300	1	1	1	1	1	1	0,0,0,0
1072	1000026	0	200	10000	300	1881	376	25830	0	0	0	0	0	0	0	0	10000	0	0	0	0	0		0	3300	1	1	1	1	1	1	0,0,0,0
1073	1000024	0	200	10000	300	2210	317	25788	0	0	0	0	0	0	0	0	10000	0	0	0	0	0		0	3300	1	1	1	1	1	1	0,0,0,0
1074	1000015	0	200	10000	300	3850	547	28828	0	0	0	0	0	0	0	0	10000	0	0	0	0	0		0	3300	1	1	1	1	1	1	0,0,0,0
1075	1000027	0	200	10000	300	2210	317	25788	0	0	0	0	0	0	0	0	10000	0	0	0	0	0		0	3300	1	1	1	1	1	1	0,0,0,0
1076	2000101	-1000000	200	10000	300	1394	210	3826	0	0	0	0	0	0	0	0	10000	0	0	0	0	0		0	0	1	1	1	1	1	1	0,0,0,0
1077	2000102	-1000000	200	10000	300	1394	210	3826	0	0	0	0	0	0	0	0	10000	0	0	0	0	0		0	0	1	1	1	1	1	1	0,0,0,0
1078	2000104	-1000000	200	10000	300	1394	210	3826	0	0	0	0	0	0	0	0	10000	0	0	0	0	0		0	0	1	1	1	1	1	1	0,0,0,0
1079	2000105	-1000000	200	10000	300	1394	210	3826	0	0	0	0	0	0	0	0	10000	0	0	0	0	0		0	0	1	1	1	1	1	1	0,0,0,0
1080	2000106	-1000000	200	10000	300	1394	210	3826	0	0	0	0	0	0	0	0	10000	0	0	0	0	0		0	0	1	1	1	1	1	1	0,0,0,0
1081	2000109	-1000000	200	10000	300	1394	210	3826	0	0	0	0	0	0	0	0	10000	0	0	0	0	0		0	0	1	1	1	1	1	1	0,0,0,0
1082	1000021	0	200	10000	300	1379	449	26360	0	0	0	0	0	0	0	0	10000	0	0	0	0	0		0	3300	1	1	1	1	1	1	0,0,0,0
1083	1000025	0	200	10000	300	1726	422	22995	0	0	0	0	0	0	0	0	10000	0	0	0	0	0		0	3300	1	1	1	1	1	1	0,0,0,0
1084	1000007	0	200	10000	300	2406	560	32310	0	0	0	0	0	0	0	0	10000	0	0	0	0	0		0	3300	1	1	1	1	1	1	0,0,0,0
1085	1000010	0	200	10000	300	1875	601	37526	0	0	0	0	0	0	0	0	10000	0	0	0	0	0		0	3300	1	1	1	1	1	1	0,0,0,0
1086	1000017	0	200	10000	300	1726	422	22995	0	0	0	0	0	0	0	0	10000	0	0	0	0	0		0	3300	1	1	1	1	1	1	0,0,0,0
1087	1000005	0	200	10000	300	1726	422	22995	0	0	0	0	0	0	0	0	10000	0	0	0	0	0		0	3300	1	1	1	1	1	1	0,0,0,0
1088	1000018	0	200	10000	300	1379	449	26360	0	0	0	0	0	0	0	0	10000	0	0	0	0	0		0	3300	1	1	1	1	1	1	0,0,0,0
1089	1000003	0	200	10000	300	1875	601	37526	0	0	0	0	0	0	0	0	10000	0	0	0	0	0		0	3300	1	1	1	1	1	1	0,0,0,0
1090	1000027	0	200	10000	300	2807	476	32268	0	0	0	0	0	0	0	0	10000	0	0	0	0	0		0	3300	1	1	1	1	1	1	0,0,0,0
1091	1000026	0	200	10000	300	2406	560	32310	0	0	0	0	0	0	0	0	10000	0	0	0	0	0		0	3300	1	1	1	1	1	1	0,0,0,0
1092	1000008	0	200	10000	300	1875	601	37526	0	0	0	0	0	0	0	0	10000	0	0	0	0	0		0	3300	1	1	1	1	1	1	0,0,0,0
1093	2000101	-1000000	200	10000	300	2321	374	5473	0	0	0	0	0	0	0	0	10000	0	0	0	0	0		0	0	1	1	1	1	1	1	0,0,0,0
1094	2000102	-1000000	200	10000	300	2321	374	5473	0	0	0	0	0	0	0	0	10000	0	0	0	0	0		0	0	1	1	1	1	1	1	0,0,0,0
1095	2000104	-1000000	200	10000	300	2321	374	5473	0	0	0	0	0	0	0	0	10000	0	0	0	0	0		0	0	1	1	1	1	1	1	0,0,0,0
1096	2000105	-1000000	200	10000	300	2321	374	5473	0	0	0	0	0	0	0	0	10000	0	0	0	0	0		0	0	1	1	1	1	1	1	0,0,0,0
1097	2000106	-1000000	200	10000	300	2321	374	5473	0	0	0	0	0	0	0	0	10000	0	0	0	0	0		0	0	1	1	1	1	1	1	0,0,0,0
1098	2000109	-1000000	200	10000	300	2321	374	5473	0	0	0	0	0	0	0	0	10000	0	0	0	0	0		0	0	1	1	1	1	1	1	0,0,0,0
1099	1000006	0	200	10000	300	3501	660	39498	0	0	0	0	0	0	0	0	10000	0	0	0	0	0		0	3300	1	1	1	1	1	1	0,0,0,0
1100	1000027	0	200	10000	300	3501	660	39498	0	0	0	0	0	0	0	0	10000	0	0	0	0	0		0	3300	1	1	1	1	1	1	0,0,0,0
1101	1000016	0	200	10000	300	2357	828	46336	0	0	0	0	0	0	0	0	10000	0	0	0	0	0		0	3300	1	1	1	1	1	1	0,0,0,0
1102	1000022	0	200	10000	300	2524	512	28398	0	0	0	0	0	0	0	0	10000	0	0	0	0	0		0	3300	1	1	1	1	1	1	0,0,0,0
1103	1000024	0	200	10000	300	3501	660	39498	0	0	0	0	0	0	0	0	10000	0	0	0	0	0		0	3300	1	1	1	1	1	1	0,0,0,0
1104	1000007	0	200	10000	300	3022	772	39540	0	0	0	0	0	0	0	0	10000	0	0	0	0	0		0	3300	1	1	1	1	1	1	0,0,0,0
1105	1000011	0	200	10000	300	6181	704	52798	0	0	0	0	0	0	0	0	10000	0	0	0	0	0		0	3300	1	1	1	1	1	1	0,0,0,0
1106	1000015	0	200	10000	300	6181	704	52798	0	0	0	0	0	0	0	0	10000	0	0	0	0	0		0	3300	1	1	1	1	1	1	0,0,0,0
1107	2000101	-1000000	200	10000	300	2813	520	8623	0	0	0	0	0	0	0	0	10000	0	0	0	0	0		0	0	1	1	1	1	1	1	0,0,0,0
1108	2000102	-1000000	200	10000	300	2813	520	8623	0	0	0	0	0	0	0	0	10000	0	0	0	0	0		0	0	1	1	1	1	1	1	0,0,0,0
1109	2000104	-1000000	200	10000	300	2813	520	8623	0	0	0	0	0	0	0	0	10000	0	0	0	0	0		0	0	1	1	1	1	1	1	0,0,0,0
1110	2000105	-1000000	200	10000	300	2813	520	8623	0	0	0	0	0	0	0	0	10000	0	0	0	0	0		0	0	1	1	1	1	1	1	0,0,0,0
1111	2000106	-1000000	200	10000	300	2813	520	8623	0	0	0	0	0	0	0	0	10000	0	0	0	0	0		0	0	1	1	1	1	1	1	0,0,0,0
1112	2000109	-1000000	200	10000	300	2813	520	8623	0	0	0	0	0	0	0	0	10000	0	0	0	0	0		0	0	1	1	1	1	1	1	0,0,0,0
1113	1000009	0	200	10000	300	4570	1487	59025	0	0	0	0	0	0	0	0	10000	0	0	0	0	0		0	3300	1	1	1	1	1	1	0,0,0,0
1114	1000027	0	200	10000	300	5257	1261	58521	0	0	0	0	0	0	0	0	10000	0	0	0	0	0		0	3300	1	1	1	1	1	1	0,0,0,0
1115	1000025	0	200	10000	300	3429	1131	43620	0	0	0	0	0	0	0	0	10000	0	0	0	0	0		0	3300	1	1	1	1	1	1	0,0,0,0
1116	1000028	0	200	10000	300	3891	977	43116	0	0	0	0	0	0	0	0	10000	0	0	0	0	0		0	3300	1	1	1	1	1	1	0,0,0,0
1117	1000022	0	200	10000	300	3891	977	43116	0	0	0	0	0	0	0	0	10000	0	0	0	0	0		0	3300	1	1	1	1	1	1	0,0,0,0
1118	1000024	0	200	10000	300	5257	1261	58521	0	0	0	0	0	0	0	0	10000	0	0	0	0	0		0	3300	1	1	1	1	1	1	0,0,0,0
1119	1000021	0	200	10000	300	2727	1202	51886	0	0	0	0	0	0	0	0	10000	0	0	0	0	0		0	3300	1	1	1	1	1	1	0,0,0,0
1120	1000007	0	200	10000	300	4570	1487	59025	0	0	0	0	0	0	0	0	10000	0	0	0	0	0		0	3300	1	1	1	1	1	1	0,0,0,0
1121	1000008	0	200	10000	300	3594	1593	70650	0	0	0	0	0	0	0	0	10000	0	0	0	0	0		0	3300	1	1	1	1	1	1	0,0,0,0
1122	1000019	0	200	10000	300	8040	1790	85240	0	0	0	0	0	0	0	0	10000	0	0	0	0	0		0	3300	1	1	1	1	1	1	0,0,0,0
1123	2000101	-1000000	200	10000	300	4481	624	10027	0	0	0	0	0	0	0	0	10000	0	0	0	0	0		0	0	1	1	1	1	1	1	0,0,0,0
1124	2000102	-1000000	200	10000	300	4481	624	10027	0	0	0	0	0	0	0	0	10000	0	0	0	0	0		0	0	1	1	1	1	1	1	0,0,0,0
1125	2000104	-1000000	200	10000	300	4481	624	10027	0	0	0	0	0	0	0	0	10000	0	0	0	0	0		0	0	1	1	1	1	1	1	0,0,0,0
1126	2000105	-1000000	200	10000	300	4481	624	10027	0	0	0	0	0	0	0	0	10000	0	0	0	0	0		0	0	1	1	1	1	1	1	0,0,0,0
1127	2000106	-1000000	200	10000	300	4481	624	10027	0	0	0	0	0	0	0	0	10000	0	0	0	0	0		0	0	1	1	1	1	1	1	0,0,0,0
1128	2000109	-1000000	200	10000	300	4481	624	10027	0	0	0	0	0	0	0	0	10000	0	0	0	0	0		0	0	1	1	1	1	1	1	0,0,0,0
1129	1000007	0	200	10000	300	6537	1781	81936	0	0	0	0	0	0	0	0	10000	0	0	0	0	0		0	3300	1	1	1	1	1	1	0,0,0,0
1130	1000016	0	200	10000	300	4187	1907	99897	0	0	0	0	0	0	0	0	10000	0	0	0	0	0		0	3300	1	1	1	1	1	1	0,0,0,0
1131	1000009	0	200	10000	300	6537	1781	81936	0	0	0	0	0	0	0	0	10000	0	0	0	0	0		0	3300	1	1	1	1	1	1	0,0,0,0
1132	1000010	0	200	10000	300	4187	1907	99897	0	0	0	0	0	0	0	0	10000	0	0	0	0	0		0	3300	1	1	1	1	1	1	0,0,0,0
1133	1000021	0	200	10000	300	3247	1445	74022	0	0	0	0	0	0	0	0	10000	0	0	0	0	0		0	3300	1	1	1	1	1	1	0,0,0,0
1134	1000005	0	200	10000	300	4965	1361	60768	0	0	0	0	0	0	0	0	10000	0	0	0	0	0		0	3300	1	1	1	1	1	1	0,0,0,0
1135	1000018	0	200	10000	300	3247	1445	74022	0	0	0	0	0	0	0	0	10000	0	0	0	0	0		0	3300	1	1	1	1	1	1	0,0,0,0
1136	1000004	0	200	10000	300	3247	1445	74022	0	0	0	0	0	0	0	0	10000	0	0	0	0	0		0	3300	1	1	1	1	1	1	0,0,0,0
1137	1000020	0	200	10000	300	3247	1445	74022	0	0	0	0	0	0	0	0	10000	0	0	0	0	0		0	3300	1	1	1	1	1	1	0,0,0,0
1138	1000006	0	200	10000	300	7484	1517	67776	0	0	0	0	0	0	0	0	10000	0	0	0	0	0		0	3300	1	1	1	1	1	1	0,0,0,0
1139	1000002	0	200	10000	300	4965	1361	60768	0	0	0	0	0	0	0	0	10000	0	0	0	0	0		0	3300	1	1	1	1	1	1	0,0,0,0
1140	1000001	0	200	10000	300	7484	1517	67776	0	0	0	0	0	0	0	0	10000	0	0	0	0	0		0	3300	1	1	1	1	1	1	0,0,0,0
1141	2000101	-1000000	200	10000	300	6123	704	11551	0	0	0	0	0	0	0	0	10000	0	0	0	0	0		0	0	1	1	1	1	1	1	0,0,0,0
1142	2000102	-1000000	200	10000	300	6123	704	11551	0	0	0	0	0	0	0	0	10000	0	0	0	0	0		0	0	1	1	1	1	1	1	0,0,0,0
1143	2000104	-1000000	200	10000	300	6123	704	11551	0	0	0	0	0	0	0	0	10000	0	0	0	0	0		0	0	1	1	1	1	1	1	0,0,0,0
1144	2000105	-1000000	200	10000	300	6123	704	11551	0	0	0	0	0	0	0	0	10000	0	0	0	0	0		0	0	1	1	1	1	1	1	0,0,0,0
1145	2000106	-1000000	200	10000	300	6123	704	11551	0	0	0	0	0	0	0	0	10000	0	0	0	0	0		0	0	1	1	1	1	1	1	0,0,0,0
1146	2000109	-1000000	200	10000	300	6123	704	11551	0	0	0	0	0	0	0	0	10000	0	0	0	0	0		0	0	1	1	1	1	1	1	0,0,0,0
1147	1000021	0	200	10000	300	3822	1713	89045	0	0	0	0	0	0	0	0	10000	0	0	0	0	0		0	3300	1	1	1	1	1	1	0,0,0,0
1148	1000025	0	200	10000	300	6060	1615	69912	0	0	0	0	0	0	0	0	10000	0	0	0	0	0		0	3300	1	1	1	1	1	1	0,0,0,0
1149	1000007	0	200	10000	300	7906	2105	93942	0	0	0	0	0	0	0	0	10000	0	0	0	0	0		0	3300	1	1	1	1	1	1	0,0,0,0
1150	1000017	0	200	10000	300	6060	1615	69912	0	0	0	0	0	0	0	0	10000	0	0	0	0	0		0	3300	1	1	1	1	1	1	0,0,0,0
1151	1000018	0	200	10000	300	3822	1713	89045	0	0	0	0	0	0	0	0	10000	0	0	0	0	0		0	3300	1	1	1	1	1	1	0,0,0,0
1152	1000003	0	200	10000	300	4890	2251	119425	0	0	0	0	0	0	0	0	10000	0	0	0	0	0		0	3300	1	1	1	1	1	1	0,0,0,0
1153	1000010	0	200	10000	300	4890	2251	119425	0	0	0	0	0	0	0	0	10000	0	0	0	0	0		0	3300	1	1	1	1	1	1	0,0,0,0
1154	1000016	0	200	10000	300	4890	2251	119425	0	0	0	0	0	0	0	0	10000	0	0	0	0	0		0	3300	1	1	1	1	1	1	0,0,0,0
1155	1000026	0	200	10000	300	7906	2105	93942	0	0	0	0	0	0	0	0	10000	0	0	0	0	0		0	3300	1	1	1	1	1	1	0,0,0,0
1156	1000022	0	200	10000	300	6803	1407	57756	0	0	0	0	0	0	0	0	10000	0	0	0	0	0		0	3300	1	1	1	1	1	1	0,0,0,0
1157	1000024	0	200	10000	300	9015	1799	77781	0	0	0	0	0	0	0	0	10000	0	0	0	0	0		0	3300	1	1	1	1	1	1	0,0,0,0
1158	1000009	0	200	10000	300	7906	2105	93942	0	0	0	0	0	0	0	0	10000	0	0	0	0	0		0	3300	1	1	1	1	1	1	0,0,0,0
1159	1000006	0	200	10000	300	9015	1799	77781	0	0	0	0	0	0	0	0	10000	0	0	0	0	0		0	3300	1	1	1	1	1	1	0,0,0,0
1160	2000101	-1000000	200	10000	300	7452	827	15394	0	0	0	0	0	0	0	0	10000	0	0	0	0	0		0	0	1	1	1	1	1	1	0,0,0,0
1161	2000102	-1000000	200	10000	300	7452	827	15394	0	0	0	0	0	0	0	0	10000	0	0	0	0	0		0	0	1	1	1	1	1	1	0,0,0,0
1162	2000104	-1000000	200	10000	300	7452	827	15394	0	0	0	0	0	0	0	0	10000	0	0	0	0	0		0	0	1	1	1	1	1	1	0,0,0,0
1163	2000105	-1000000	200	10000	300	7452	827	15394	0	0	0	0	0	0	0	0	10000	0	0	0	0	0		0	0	1	1	1	1	1	1	0,0,0,0
1164	2000106	-1000000	200	10000	300	7452	827	15394	0	0	0	0	0	0	0	0	10000	0	0	0	0	0		0	0	1	1	1	1	1	1	0,0,0,0
1165	2000109	-1000000	200	10000	300	7452	827	15394	0	0	0	0	0	0	0	0	10000	0	0	0	0	0		0	0	1	1	1	1	1	1	0,0,0,0
1166	1000007	0	200	10000	300	10384	2738	117000	0	0	0	0	0	0	0	0	10000	0	0	0	0	0		0	3300	1	1	1	1	1	1	0,0,0,0
1167	1000017	0	200	10000	300	7934	2080	86544	0	0	0	0	0	0	0	0	10000	0	0	0	0	0		0	3300	1	1	1	1	1	1	0,0,0,0
1168	1000005	0	200	10000	300	7934	2080	86544	0	0	0	0	0	0	0	0	10000	0	0	0	0	0		0	3300	1	1	1	1	1	1	0,0,0,0
1169	1000018	0	200	10000	300	4754	2212	116015	0	0	0	0	0	0	0	0	10000	0	0	0	0	0		0	3300	1	1	1	1	1	1	0,0,0,0
1170	1000026	0	200	10000	300	10384	2738	117000	0	0	0	0	0	0	0	0	10000	0	0	0	0	0		0	3300	1	1	1	1	1	1	0,0,0,0
1171	1000001	0	200	10000	300	11848	2331	96996	0	0	0	0	0	0	0	0	10000	0	0	0	0	0		0	3300	1	1	1	1	1	1	0,0,0,0
1172	1000002	0	200	10000	300	7934	2080	86544	0	0	0	0	0	0	0	0	10000	0	0	0	0	0		0	3300	1	1	1	1	1	1	0,0,0,0
1173	1000010	0	200	10000	300	6108	2935	156318	0	0	0	0	0	0	0	0	10000	0	0	0	0	0		0	3300	1	1	1	1	1	1	0,0,0,0
1174	1000024	0	200	10000	300	11848	2331	96996	0	0	0	0	0	0	0	0	10000	0	0	0	0	0		0	3300	1	1	1	1	1	1	0,0,0,0
1175	1000016	0	200	10000	300	6108	2935	156318	0	0	0	0	0	0	0	0	10000	0	0	0	0	0		0	3300	1	1	1	1	1	1	0,0,0,0
1176	1000006	0	200	10000	300	11848	2331	96996	0	0	0	0	0	0	0	0	10000	0	0	0	0	0		0	3300	1	1	1	1	1	1	0,0,0,0
1177	1000009	0	200	10000	300	10384	2738	117000	0	0	0	0	0	0	0	0	10000	0	0	0	0	0		0	3300	1	1	1	1	1	1	0,0,0,0
1178	1000023	0	200	10000	300	4754	2212	116015	0	0	0	0	0	0	0	0	10000	0	0	0	0	0		0	3300	1	1	1	1	1	1	0,0,0,0
1179	1000028	0	200	10000	300	8914	1805	71616	0	0	0	0	0	0	0	0	10000	0	0	0	0	0		0	3300	1	1	1	1	1	1	0,0,0,0
1180	1000011	0	200	10000	300	20751	2910	173136	0	0	0	0	0	0	0	0	10000	0	0	0	0	0		0	3300	1	1	1	1	1	1	0,0,0,0
1181	2000101	-1000000	200	10000	300	9248	1101	21074	0	0	0	0	0	0	0	0	10000	0	0	0	0	0		0	0	1	1	1	1	1	1	0,0,0,0
1182	2000102	-1000000	200	10000	300	9248	1101	21074	0	0	0	0	0	0	0	0	10000	0	0	0	0	0		0	0	1	1	1	1	1	1	0,0,0,0
1183	2000104	-1000000	200	10000	300	9248	1101	21074	0	0	0	0	0	0	0	0	10000	0	0	0	0	0		0	0	1	1	1	1	1	1	0,0,0,0
1184	2000105	-1000000	200	10000	300	9248	1101	21074	0	0	0	0	0	0	0	0	10000	0	0	0	0	0		0	0	1	1	1	1	1	1	0,0,0,0
1185	2000106	-1000000	200	10000	300	9248	1101	21074	0	0	0	0	0	0	0	0	10000	0	0	0	0	0		0	0	1	1	1	1	1	1	0,0,0,0
1186	2000109	-1000000	200	10000	300	9248	1101	21074	0	0	0	0	0	0	0	0	10000	0	0	0	0	0		0	0	1	1	1	1	1	1	0,0,0,0
1187	1000018	0	200	10000	300	5745	2671	142838	0	0	0	0	0	0	0	0	10000	0	0	0	0	0		0	3300	1	1	1	1	1	1	0,0,0,0
1188	1000006	0	200	10000	300	14333	2796	113184	0	0	0	0	0	0	0	0	10000	0	0	0	0	0		0	3300	1	1	1	1	1	1	0,0,0,0
1189	1000016	0	200	10000	300	7249	3487	189106	0	0	0	0	0	0	0	0	10000	0	0	0	0	0		0	3300	1	1	1	1	1	1	0,0,0,0
1190	1000006	0	200	10000	300	14333	2796	113184	0	0	0	0	0	0	0	0	10000	0	0	0	0	0		0	3300	1	1	1	1	1	1	0,0,0,0
1191	1000025	0	200	10000	300	9816	2522	103122	0	0	0	0	0	0	0	0	10000	0	0	0	0	0		0	3300	1	1	1	1	1	1	0,0,0,0
1192	1000002	0	200	10000	300	9816	2522	103122	0	0	0	0	0	0	0	0	10000	0	0	0	0	0		0	3300	1	1	1	1	1	1	0,0,0,0
1193	1000020	0	200	10000	300	5745	2671	142838	0	0	0	0	0	0	0	0	10000	0	0	0	0	0		0	3300	1	1	1	1	1	1	0,0,0,0
1194	1000008	0	200	10000	300	7249	3487	189106	0	0	0	0	0	0	0	0	10000	0	0	0	0	0		0	3300	1	1	1	1	1	1	0,0,0,0
1195	1000007	0	200	10000	300	12628	3265	136980	0	0	0	0	0	0	0	0	10000	0	0	0	0	0		0	3300	1	1	1	1	1	1	0,0,0,0
1196	1000026	0	200	10000	300	12628	3265	136980	0	0	0	0	0	0	0	0	10000	0	0	0	0	0		0	3300	1	1	1	1	1	1	0,0,0,0
1197	1000004	0	200	10000	300	5745	2671	142838	0	0	0	0	0	0	0	0	10000	0	0	0	0	0		0	3300	1	1	1	1	1	1	0,0,0,0
1198	1000019	0	200	10000	300	21147	1492	115786	0	0	0	0	0	0	0	0	10000	0	0	0	0	0		0	3300	1	1	1	1	1	1	0,0,0,0
1199	1000012	0	200	10000	300	21147	5492	238554	0	0	0	0	0	0	0	0	10000	0	0	0	0	0		0	3300	1	1	1	1	1	1	0,0,0,0
1200	2000101	-1000000	200	10000	300	13706	1252	23606	0	0	0	0	0	0	0	0	10000	0	0	0	0	0		0	0	1	1	1	1	1	1	0,0,0,0
1201	2000102	-1000000	200	10000	300	13706	1252	23606	0	0	0	0	0	0	0	0	10000	0	0	0	0	0		0	0	1	1	1	1	1	1	0,0,0,0
1202	2000104	-1000000	200	10000	300	13706	1252	23606	0	0	0	0	0	0	0	0	10000	0	0	0	0	0		0	0	1	1	1	1	1	1	0,0,0,0
1203	2000105	-1000000	200	10000	300	13706	1252	23606	0	0	0	0	0	0	0	0	10000	0	0	0	0	0		0	0	1	1	1	1	1	1	0,0,0,0
1204	2000106	-1000000	200	10000	300	13706	1252	23606	0	0	0	0	0	0	0	0	10000	0	0	0	0	0		0	0	1	1	1	1	1	1	0,0,0,0
1205	2000109	-1000000	200	10000	300	13706	1252	23606	0	0	0	0	0	0	0	0	10000	0	0	0	0	0		0	0	1	1	1	1	1	1	0,0,0,0
1206	1000003	0	200	10000	300	9808	3941	246209	0	0	0	0	0	0	0	0	10000	0	0	0	0	0		0	3300	1	1	1	1	1	1	0,0,0,0
1207	1000021	0	200	10000	300	7811	3025	186626	0	0	0	0	0	0	0	0	10000	0	0	0	0	0		0	3300	1	1	1	1	1	1	0,0,0,0
1208	1000007	0	200	10000	300	16611	3691	152316	0	0	0	0	0	0	0	0	10000	0	0	0	0	0		0	3300	1	1	1	1	1	1	0,0,0,0
1209	1000008	0	200	10000	300	9808	3941	246209	0	0	0	0	0	0	0	0	10000	0	0	0	0	0		0	3300	1	1	1	1	1	1	0,0,0,0
1210	1000022	0	200	10000	300	16175	2503	94764	0	0	0	0	0	0	0	0	10000	0	0	0	0	0		0	3300	1	1	1	1	1	1	0,0,0,0
1211	1000028	0	200	10000	300	16175	2503	94764	0	0	0	0	0	0	0	0	10000	0	0	0	0	0		0	3300	1	1	1	1	1	1	0,0,0,0
1212	1000004	0	200	10000	300	7811	3025	186626	0	0	0	0	0	0	0	0	10000	0	0	0	0	0		0	3300	1	1	1	1	1	1	0,0,0,0
1213	1000020	0	200	10000	300	7811	3025	186626	0	0	0	0	0	0	0	0	10000	0	0	0	0	0		0	3300	1	1	1	1	1	1	0,0,0,0
1214	1000023	0	200	10000	300	7811	3025	186626	0	0	0	0	0	0	0	0	10000	0	0	0	0	0		0	3300	1	1	1	1	1	1	0,0,0,0
1215	1000005	0	200	10000	300	12990	2859	114876	0	0	0	0	0	0	0	0	10000	0	0	0	0	0		0	3300	1	1	1	1	1	1	0,0,0,0
1216	1000026	0	200	10000	300	16611	3691	152316	0	0	0	0	0	0	0	0	10000	0	0	0	0	0		0	3300	1	1	1	1	1	1	0,0,0,0
1217	1000010	0	200	10000	300	9808	3941	246209	0	0	0	0	0	0	0	0	10000	0	0	0	0	0		0	3300	1	1	1	1	1	1	0,0,0,0
1218	1000006	0	200	10000	300	21013	3169	125964	0	0	0	0	0	0	0	0	10000	0	0	0	0	0		0	3300	1	1	1	1	1	1	0,0,0,0
1219	1000011	0	200	10000	300	35640	5166	219564	0	0	0	0	0	0	0	0	10000	0	0	0	0	0		0	3300	1	1	1	1	1	1	0,0,0,0
1220	2000101	-1000000	200	10000	300	16697	1413	30243	0	0	0	0	0	0	0	0	10000	0	0	0	0	0		0	0	1	1	1	1	1	1	0,0,0,0
1221	2000102	-1000000	200	10000	300	16697	1413	30243	0	0	0	0	0	0	0	0	10000	0	0	0	0	0		0	0	1	1	1	1	1	1	0,0,0,0
1222	2000104	-1000000	200	10000	300	16697	1413	30243	0	0	0	0	0	0	0	0	10000	0	0	0	0	0		0	0	1	1	1	1	1	1	0,0,0,0
1223	2000105	-1000000	200	10000	300	16697	1413	30243	0	0	0	0	0	0	0	0	10000	0	0	0	0	0		0	0	1	1	1	1	1	1	0,0,0,0
1224	2000106	-1000000	200	10000	300	16697	1413	30243	0	0	0	0	0	0	0	0	10000	0	0	0	0	0		0	0	1	1	1	1	1	1	0,0,0,0
1225	2000109	-1000000	200	10000	300	16697	1413	30243	0	0	0	0	0	0	0	0	10000	0	0	0	0	0		0	0	1	1	1	1	1	1	0,0,0,0
1226	1000018	0	200	10000	300	10366	3644	239603	0	0	0	0	0	0	0	0	10000	0	0	0	0	0		0	3300	1	1	1	1	1	1	0,0,0,0
1227	1000002	0	200	10000	300	16748	3437	152098	0	0	0	0	0	0	0	0	10000	0	0	0	0	0		0	3300	1	1	1	1	1	1	0,0,0,0
1228	1000020	0	200	10000	300	10366	3644	239603	0	0	0	0	0	0	0	0	10000	0	0	0	0	0		0	3300	1	1	1	1	1	1	0,0,0,0
1229	1000017	0	200	10000	300	16748	3437	152098	0	0	0	0	0	0	0	0	10000	0	0	0	0	0		0	3300	1	1	1	1	1	1	0,0,0,0
1230	1000005	0	200	10000	300	16748	3437	152098	0	0	0	0	0	0	0	0	10000	0	0	0	0	0		0	3300	1	1	1	1	1	1	0,0,0,0
1231	1000009	0	200	10000	300	21499	4473	202865	0	0	0	0	0	0	0	0	10000	0	0	0	0	0		0	3300	1	1	1	1	1	1	0,0,0,0
1232	1000003	0	200	10000	300	11660	4963	277676	0	0	0	0	0	0	0	0	10000	0	0	0	0	0		0	3300	1	1	1	1	1	1	0,0,0,0
1233	1000026	0	200	10000	300	21499	4473	202865	0	0	0	0	0	0	0	0	10000	0	0	0	0	0		0	3300	1	1	1	1	1	1	0,0,0,0
1234	1000023	0	200	10000	300	10366	3644	239603	0	0	0	0	0	0	0	0	10000	0	0	0	0	0		0	3300	1	1	1	1	1	1	0,0,0,0
1235	1000001	0	200	10000	300	26992	3829	171700	0	0	0	0	0	0	0	0	10000	0	0	0	0	0		0	3300	1	1	1	1	1	1	0,0,0,0
1236	1000006	0	200	10000	300	26992	3829	171700	0	0	0	0	0	0	0	0	10000	0	0	0	0	0		0	3300	1	1	1	1	1	1	0,0,0,0
1237	1000025	0	200	10000	300	16748	3437	152098	0	0	0	0	0	0	0	0	10000	0	0	0	0	0		0	3300	1	1	1	1	1	1	0,0,0,0
1238	1000024	0	200	10000	300	26992	3829	171700	0	0	0	0	0	0	0	0	10000	0	0	0	0	0		0	3300	1	1	1	1	1	1	0,0,0,0
1239	2000101	-1000000	200	10000	300	20811	1585	33523	0	0	0	0	0	0	0	0	10000	0	0	0	0	0		0	0	1	1	1	1	1	1	0,0,0,0
1240	2000102	-1000000	200	10000	300	20811	1585	33523	0	0	0	0	0	0	0	0	10000	0	0	0	0	0		0	0	1	1	1	1	1	1	0,0,0,0
1241	2000104	-1000000	200	10000	300	20811	1585	33523	0	0	0	0	0	0	0	0	10000	0	0	0	0	0		0	0	1	1	1	1	1	1	0,0,0,0
1242	2000105	-1000000	200	10000	300	20811	1585	33523	0	0	0	0	0	0	0	0	10000	0	0	0	0	0		0	0	1	1	1	1	1	1	0,0,0,0
1243	2000106	-1000000	200	10000	300	20811	1585	33523	0	0	0	0	0	0	0	0	10000	0	0	0	0	0		0	0	1	1	1	1	1	1	0,0,0,0
1244	2000109	-1000000	200	10000	300	20811	1585	33523	0	0	0	0	0	0	0	0	10000	0	0	0	0	0		0	0	1	1	1	1	1	1	0,0,0,0
1245	1000027	0	200	10000	300	29948	4264	188639	0	0	0	0	0	0	0	0	10000	0	0	0	0	0		0	3300	1	1	1	1	1	1	0,0,0,0
1246	1000021	0	200	10000	300	11570	4059	264690	0	0	0	0	0	0	0	0	10000	0	0	0	0	0		0	3300	1	1	1	1	1	1	0,0,0,0
1247	1000016	0	200	10000	300	14525	5313	350266	0	0	0	0	0	0	0	0	10000	0	0	0	0	0		0	3300	1	1	1	1	1	1	0,0,0,0
1248	1000023	0	200	10000	300	11570	4059	264690	0	0	0	0	0	0	0	0	10000	0	0	0	0	0		0	3300	1	1	1	1	1	1	0,0,0,0
1249	1000003	0	200	10000	300	14525	5313	350266	0	0	0	0	0	0	0	0	10000	0	0	0	0	0		0	3300	1	1	1	1	1	1	0,0,0,0
1250	1000007	0	200	10000	300	23911	4971	222750	0	0	0	0	0	0	0	0	10000	0	0	0	0	0		0	3300	1	1	1	1	1	1	0,0,0,0
1251	1000010	0	200	10000	300	14525	5313	350266	0	0	0	0	0	0	0	0	10000	0	0	0	0	0		0	3300	1	1	1	1	1	1	0,0,0,0
1252	1000002	0	200	10000	300	18711	3831	167364	0	0	0	0	0	0	0	0	10000	0	0	0	0	0		0	3300	1	1	1	1	1	1	0,0,0,0
1253	1000012	0	200	10000	300	39632	8391	388962	0	0	0	0	0	0	0	0	10000	0	0	0	0	0		0	3300	1	1	1	1	1	1	0,0,0,0
1254	1000026	0	200	10000	300	23911	4971	222750	0	0	0	0	0	0	0	0	10000	0	0	0	0	0		0	3300	1	1	1	1	1	1	0,0,0,0
1255	1000001	0	200	10000	300	29948	4264	188639	0	0	0	0	0	0	0	0	10000	0	0	0	0	0		0	3300	1	1	1	1	1	1	0,0,0,0
1256	2000101	-1000000	200	10000	300	23898	1930	38377	0	0	0	0	0	0	0	0	10000	0	0	0	0	0		0	0	1	1	1	1	1	1	0,0,0,0
1257	2000102	-1000000	200	10000	300	23898	1930	38377	0	0	0	0	0	0	0	0	10000	0	0	0	0	0		0	0	1	1	1	1	1	1	0,0,0,0
1258	2000104	-1000000	200	10000	300	23898	1930	38377	0	0	0	0	0	0	0	0	10000	0	0	0	0	0		0	0	1	1	1	1	1	1	0,0,0,0
1259	2000105	-1000000	200	10000	300	23898	1930	38377	0	0	0	0	0	0	0	0	10000	0	0	0	0	0		0	0	1	1	1	1	1	1	0,0,0,0
1260	2000106	-1000000	200	10000	300	23898	1930	38377	0	0	0	0	0	0	0	0	10000	0	0	0	0	0		0	0	1	1	1	1	1	1	0,0,0,0
1261	2000109	-1000000	200	10000	300	23898	1930	38377	0	0	0	0	0	0	0	0	10000	0	0	0	0	0		0	0	1	1	1	1	1	1	0,0,0,0
1262	1000028	0	200	10000	300	26250	3895	160335	0	0	0	0	0	0	0	0	10000	0	0	0	0	0		0	3300	1	1	1	1	1	1	0,0,0,0
1263	1000004	0	200	10000	300	13265	4643	301041	0	0	0	0	0	0	0	0	10000	0	0	0	0	0		0	3300	1	1	1	1	1	1	0,0,0,0
1264	1000018	0	200	10000	300	13265	4643	301041	0	0	0	0	0	0	0	0	10000	0	0	0	0	0		0	3300	1	1	1	1	1	1	0,0,0,0
1265	1000009	0	200	10000	300	27054	5643	250391	0	0	0	0	0	0	0	0	10000	0	0	0	0	0		0	3300	1	1	1	1	1	1	0,0,0,0
1266	1000003	0	200	10000	300	16478	6017	394405	0	0	0	0	0	0	0	0	10000	0	0	0	0	0		0	3300	1	1	1	1	1	1	0,0,0,0
1267	1000005	0	200	10000	300	21379	4393	190148	0	0	0	0	0	0	0	0	10000	0	0	0	0	0		0	3300	1	1	1	1	1	1	0,0,0,0
1268	1000022	0	200	10000	300	26250	3895	160335	0	0	0	0	0	0	0	0	10000	0	0	0	0	0		0	3300	1	1	1	1	1	1	0,0,0,0
1269	1000008	0	200	10000	300	16478	6017	394405	0	0	0	0	0	0	0	0	10000	0	0	0	0	0		0	3300	1	1	1	1	1	1	0,0,0,0
1270	1000026	0	200	10000	300	27054	5643	250391	0	0	0	0	0	0	0	0	10000	0	0	0	0	0		0	3300	1	1	1	1	1	1	0,0,0,0
1271	1000010	0	200	10000	300	16478	6017	394405	0	0	0	0	0	0	0	0	10000	0	0	0	0	0		0	3300	1	1	1	1	1	1	0,0,0,0
1272	1000020	0	200	10000	300	13265	4643	301041	0	0	0	0	0	0	0	0	10000	0	0	0	0	0		0	3300	1	1	1	1	1	1	0,0,0,0
1273	1000027	0	200	10000	300	33764	4859	211654	0	0	0	0	0	0	0	0	10000	0	0	0	0	0		0	3300	1	1	1	1	1	1	0,0,0,0
1274	1000024	0	200	10000	300	33764	4859	211654	0	0	0	0	0	0	0	0	10000	0	0	0	0	0		0	3300	1	1	1	1	1	1	0,0,0,0
1275	1000019	0	200	10000	300	44203	9391	399472	0	0	0	0	0	0	0	0	10000	0	0	0	0	0		0	3300	1	1	1	1	1	1	0,0,0,0
1276	1000001	0	200	10000	300	33764	4859	211654	0	0	0	0	0	0	0	0	10000	0	0	0	0	0		0	3300	1	1	1	1	1	1	0,0,0,0
1277	1000007	0	200	10000	300	27054	5643	250391	0	0	0	0	0	0	0	0	10000	0	0	0	0	0		0	3300	1	1	1	1	1	1	0,0,0,0
1278	1000012	0	200	10000	300	44203	9391	431123	0	0	0	0	0	0	0	0	10000	0	0	0	0	0		0	3300	1	1	1	1	1	1	0,0,0,0
1279	2000101	-1000000	200	10000	300	26455	2129	42048	0	0	0	0	0	0	0	0	10000	0	0	0	0	0		0	0	1	1	1	1	1	1	0,0,0,0
1280	2000102	-1000000	200	10000	300	26455	2129	42048	0	0	0	0	0	0	0	0	10000	0	0	0	0	0		0	0	1	1	1	1	1	1	0,0,0,0
1281	2000104	-1000000	200	10000	300	26455	2129	42048	0	0	0	0	0	0	0	0	10000	0	0	0	0	0		0	0	1	1	1	1	1	1	0,0,0,0
1282	2000105	-1000000	200	10000	300	26455	2129	42048	0	0	0	0	0	0	0	0	10000	0	0	0	0	0		0	0	1	1	1	1	1	1	0,0,0,0
1283	2000106	-1000000	200	10000	300	26455	2129	42048	0	0	0	0	0	0	0	0	10000	0	0	0	0	0		0	0	1	1	1	1	1	1	0,0,0,0
1284	2000109	-1000000	200	10000	300	26455	2129	42048	0	0	0	0	0	0	0	0	10000	0	0	0	0	0		0	0	1	1	1	1	1	1	0,0,0,0
1285	1000018	0	200	10000	300	15163	5382	344165	0	0	0	0	0	0	0	0	10000	0	0	0	0	0		0	3300	1	1	1	1	1	1	0,0,0,0
1286	1000006	0	200	10000	300	38927	5646	243239	0	0	0	0	0	0	0	0	10000	0	0	0	0	0		0	3300	1	1	1	1	1	1	0,0,0,0
1287	1000016	0	200	10000	300	18913	7019	453369	0	0	0	0	0	0	0	0	10000	0	0	0	0	0		0	3300	1	1	1	1	1	1	0,0,0,0
1288	1000024	0	200	10000	300	38927	5646	243239	0	0	0	0	0	0	0	0	10000	0	0	0	0	0		0	3300	1	1	1	1	1	1	0,0,0,0
1289	1000025	0	200	10000	300	24521	5085	217161	0	0	0	0	0	0	0	0	10000	0	0	0	0	0		0	3300	1	1	1	1	1	1	0,0,0,0
1290	1000002	0	200	10000	300	24521	5085	217161	0	0	0	0	0	0	0	0	10000	0	0	0	0	0		0	3300	1	1	1	1	1	1	0,0,0,0
1291	1000020	0	200	10000	300	15163	5382	344165	0	0	0	0	0	0	0	0	10000	0	0	0	0	0		0	3300	1	1	1	1	1	1	0,0,0,0
1292	1000008	0	200	10000	300	18913	7019	453369	0	0	0	0	0	0	0	0	10000	0	0	0	0	0		0	3300	1	1	1	1	1	1	0,0,0,0
1293	1000007	0	200	10000	300	31159	6573	287469	0	0	0	0	0	0	0	0	10000	0	0	0	0	0		0	3300	1	1	1	1	1	1	0,0,0,0
1294	1000026	0	200	10000	300	31159	6573	287469	0	0	0	0	0	0	0	0	10000	0	0	0	0	0		0	3300	1	1	1	1	1	1	0,0,0,0
1295	1000004	0	200	10000	300	15163	5382	344165	0	0	0	0	0	0	0	0	10000	0	0	0	0	0		0	3300	1	1	1	1	1	1	0,0,0,0
1296	1000019	0	200	10000	300	51219	5037	398393	0	0	0	0	0	0	0	0	10000	0	0	0	0	0		0	3300	1	1	1	1	1	1	0,0,0,0
1297	1000012	0	200	10000	300	51219	11037	498393	0	0	0	0	0	0	0	0	10000	0	0	0	0	0		0	3300	1	1	1	1	1	1	0,0,0,0
1298	2000101	-1000000	200	10000	300	29156	2338	54311	0	0	0	0	0	0	0	0	10000	0	0	0	0	0		0	0	1	1	1	1	1	1	0,0,0,0
1299	2000102	-1000000	200	10000	300	29156	2338	54311	0	0	0	0	0	0	0	0	10000	0	0	0	0	0		0	0	1	1	1	1	1	1	0,0,0,0
1300	2000104	-1000000	200	10000	300	29156	2338	54311	0	0	0	0	0	0	0	0	10000	0	0	0	0	0		0	0	1	1	1	1	1	1	0,0,0,0
1301	2000105	-1000000	200	10000	300	29156	2338	54311	0	0	0	0	0	0	0	0	10000	0	0	0	0	0		0	0	1	1	1	1	1	1	0,0,0,0
1302	2000106	-1000000	200	10000	300	29156	2338	54311	0	0	0	0	0	0	0	0	10000	0	0	0	0	0		0	0	1	1	1	1	1	1	0,0,0,0
1303	2000109	-1000000	200	10000	300	29156	2338	54311	0	0	0	0	0	0	0	0	10000	0	0	0	0	0		0	0	1	1	1	1	1	1	0,0,0,0
1304	1000003	0	200	10000	300	20664	7658	492000	0	0	0	0	0	0	0	0	10000	0	0	0	0	0		0	3300	1	1	1	1	1	1	0,0,0,0
1305	1000021	0	200	10000	300	16623	5884	374015	0	0	0	0	0	0	0	0	10000	0	0	0	0	0		0	3300	1	1	1	1	1	1	0,0,0,0
1306	1000007	0	200	10000	300	34076	7174	311101	0	0	0	0	0	0	0	0	10000	0	0	0	0	0		0	3300	1	1	1	1	1	1	0,0,0,0
1307	1000008	0	200	10000	300	20664	7658	492000	0	0	0	0	0	0	0	0	10000	0	0	0	0	0		0	3300	1	1	1	1	1	1	0,0,0,0
1308	1000022	0	200	10000	300	32999	4883	198837	0	0	0	0	0	0	0	0	10000	0	0	0	0	0		0	3300	1	1	1	1	1	1	0,0,0,0
1309	1000028	0	200	10000	300	32999	4883	198837	0	0	0	0	0	0	0	0	10000	0	0	0	0	0		0	3300	1	1	1	1	1	1	0,0,0,0
1310	1000004	0	200	10000	300	16623	5884	374015	0	0	0	0	0	0	0	0	10000	0	0	0	0	0		0	3300	1	1	1	1	1	1	0,0,0,0
1311	1000020	0	200	10000	300	16623	5884	374015	0	0	0	0	0	0	0	0	10000	0	0	0	0	0		0	3300	1	1	1	1	1	1	0,0,0,0
1312	1000023	0	200	10000	300	16623	5884	374015	0	0	0	0	0	0	0	0	10000	0	0	0	0	0		0	3300	1	1	1	1	1	1	0,0,0,0
1313	1000005	0	200	10000	300	26902	5562	235346	0	0	0	0	0	0	0	0	10000	0	0	0	0	0		0	3300	1	1	1	1	1	1	0,0,0,0
1314	1000026	0	200	10000	300	34076	7174	311101	0	0	0	0	0	0	0	0	10000	0	0	0	0	0		0	3300	1	1	1	1	1	1	0,0,0,0
1315	1000010	0	200	10000	300	20664	7658	492000	0	0	0	0	0	0	0	0	10000	0	0	0	0	0		0	3300	1	1	1	1	1	1	0,0,0,0
1316	1000006	0	200	10000	300	42492	6173	263370	0	0	0	0	0	0	0	0	10000	0	0	0	0	0		0	3300	1	1	1	1	1	1	0,0,0,0
1317	1000011	0	200	10000	300	71169	10043	459966	0	0	0	0	0	0	0	0	10000	0	0	0	0	0		0	3300	1	1	1	1	1	1	0,0,0,0
1318	2000101	-1000000	200	10000	300	31982	2558	58958	0	0	0	0	0	0	0	0	10000	0	0	0	0	0		0	0	1	1	1	1	1	1	0,0,0,0
1319	2000102	-1000000	200	10000	300	31982	2558	58958	0	0	0	0	0	0	0	0	10000	0	0	0	0	0		0	0	1	1	1	1	1	1	0,0,0,0
1320	2000104	-1000000	200	10000	300	31982	2558	58958	0	0	0	0	0	0	0	0	10000	0	0	0	0	0		0	0	1	1	1	1	1	1	0,0,0,0
1321	2000105	-1000000	200	10000	300	31982	2558	58958	0	0	0	0	0	0	0	0	10000	0	0	0	0	0		0	0	1	1	1	1	1	1	0,0,0,0
1322	2000106	-1000000	200	10000	300	31982	2558	58958	0	0	0	0	0	0	0	0	10000	0	0	0	0	0		0	0	1	1	1	1	1	1	0,0,0,0
1323	2000109	-1000000	200	10000	300	31982	2558	58958	0	0	0	0	0	0	0	0	10000	0	0	0	0	0		0	0	1	1	1	1	1	1	0,0,0,0
1324	1000018	0	200	10000	300	18159	6410	404750	0	0	0	0	0	0	0	0	10000	0	0	0	0	0		0	3300	1	1	1	1	1	1	0,0,0,0
1325	1000002	0	200	10000	300	29390	6062	254340	0	0	0	0	0	0	0	0	10000	0	0	0	0	0		0	3300	1	1	1	1	1	1	0,0,0,0
1326	1000020	0	200	10000	300	18159	6410	404750	0	0	0	0	0	0	0	0	10000	0	0	0	0	0		0	3300	1	1	1	1	1	1	0,0,0,0
1327	1000017	0	200	10000	300	29390	6062	254340	0	0	0	0	0	0	0	0	10000	0	0	0	0	0		0	3300	1	1	1	1	1	1	0,0,0,0
1328	1000005	0	200	10000	300	29390	6062	254340	0	0	0	0	0	0	0	0	10000	0	0	0	0	0		0	3300	1	1	1	1	1	1	0,0,0,0
1329	1000009	0	200	10000	300	37120	7804	335745	0	0	0	0	0	0	0	0	10000	0	0	0	0	0		0	3300	1	1	1	1	1	1	0,0,0,0
1330	1000003	0	200	10000	300	22500	8327	531876	0	0	0	0	0	0	0	0	10000	0	0	0	0	0		0	3300	1	1	1	1	1	1	0,0,0,0
1331	1000026	0	200	10000	300	37120	7804	335745	0	0	0	0	0	0	0	0	10000	0	0	0	0	0		0	3300	1	1	1	1	1	1	0,0,0,0
1332	1000023	0	200	10000	300	18159	6410	404750	0	0	0	0	0	0	0	0	10000	0	0	0	0	0		0	3300	1	1	1	1	1	1	0,0,0,0
1333	1000001	0	200	10000	300	46211	6725	284363	0	0	0	0	0	0	0	0	10000	0	0	0	0	0		0	3300	1	1	1	1	1	1	0,0,0,0
1334	1000006	0	200	10000	300	46211	6725	284363	0	0	0	0	0	0	0	0	10000	0	0	0	0	0		0	3300	1	1	1	1	1	1	0,0,0,0
1335	1000025	0	200	10000	300	29390	6062	254340	0	0	0	0	0	0	0	0	10000	0	0	0	0	0		0	3300	1	1	1	1	1	1	0,0,0,0
1336	1000024	0	200	10000	300	46211	6725	284363	0	0	0	0	0	0	0	0	10000	0	0	0	0	0		0	3300	1	1	1	1	1	1	0,0,0,0
1337	2000101	-1000000	200	10000	300	35605	2974	72755	0	0	0	0	0	0	0	0	10000	0	0	0	0	0		0	0	1	1	1	1	1	1	0,0,0,0
1338	2000102	-1000000	200	10000	300	35605	2974	72755	0	0	0	0	0	0	0	0	10000	0	0	0	0	0		0	0	1	1	1	1	1	1	0,0,0,0
1339	2000104	-1000000	200	10000	300	35605	2974	72755	0	0	0	0	0	0	0	0	10000	0	0	0	0	0		0	0	1	1	1	1	1	1	0,0,0,0
1340	2000105	-1000000	200	10000	300	35605	2974	72755	0	0	0	0	0	0	0	0	10000	0	0	0	0	0		0	0	1	1	1	1	1	1	0,0,0,0
1341	2000106	-1000000	200	10000	300	35605	2974	72755	0	0	0	0	0	0	0	0	10000	0	0	0	0	0		0	0	1	1	1	1	1	1	0,0,0,0
1342	2000109	-1000000	200	10000	300	35605	2974	72755	0	0	0	0	0	0	0	0	10000	0	0	0	0	0		0	0	1	1	1	1	1	1	0,0,0,0
1343	1000027	0	200	10000	300	50759	7783	311777	0	0	0	0	0	0	0	0	10000	0	0	0	0	0		0	3300	1	1	1	1	1	1	0,0,0,0
1344	1000021	0	200	10000	300	20211	7425	445656	0	0	0	0	0	0	0	0	10000	0	0	0	0	0		0	3300	1	1	1	1	1	1	0,0,0,0
1345	1000016	0	200	10000	300	24865	9642	582332	0	0	0	0	0	0	0	0	10000	0	0	0	0	0		0	3300	1	1	1	1	1	1	0,0,0,0
1346	1000023	0	200	10000	300	20211	7425	445656	0	0	0	0	0	0	0	0	10000	0	0	0	0	0		0	3300	1	1	1	1	1	1	0,0,0,0
1347	1000003	0	200	10000	300	24865	9642	582332	0	0	0	0	0	0	0	0	10000	0	0	0	0	0		0	3300	1	1	1	1	1	1	0,0,0,0
1348	1000007	0	200	10000	300	40869	9038	368550	0	0	0	0	0	0	0	0	10000	0	0	0	0	0		0	3300	1	1	1	1	1	1	0,0,0,0
1349	1000010	0	200	10000	300	24865	9642	582332	0	0	0	0	0	0	0	0	10000	0	0	0	0	0		0	3300	1	1	1	1	1	1	0,0,0,0
1350	1000002	0	200	10000	300	32556	7022	281293	0	0	0	0	0	0	0	0	10000	0	0	0	0	0		0	3300	1	1	1	1	1	1	0,0,0,0
1351	1000012	0	200	10000	300	65979	15084	630322	0	0	0	0	0	0	0	0	10000	0	0	0	0	0		0	3300	1	1	1	1	1	1	0,0,0,0
1352	1000026	0	200	10000	300	40869	9038	368550	0	0	0	0	0	0	0	0	10000	0	0	0	0	0		0	3300	1	1	1	1	1	1	0,0,0,0
1353	1000001	0	200	10000	300	50759	7783	311777	0	0	0	0	0	0	0	0	10000	0	0	0	0	0		0	3300	1	1	1	1	1	1	0,0,0,0
1354	2000101	-1000000	200	10000	300	38653	3221	78407	0	0	0	0	0	0	0	0	10000	0	0	0	0	0		0	0	1	1	1	1	1	1	0,0,0,0
1355	2000102	-1000000	200	10000	300	38653	3221	78407	0	0	0	0	0	0	0	0	10000	0	0	0	0	0		0	0	1	1	1	1	1	1	0,0,0,0
1356	2000104	-1000000	200	10000	300	38653	3221	78407	0	0	0	0	0	0	0	0	10000	0	0	0	0	0		0	0	1	1	1	1	1	1	0,0,0,0
1357	2000105	-1000000	200	10000	300	38653	3221	78407	0	0	0	0	0	0	0	0	10000	0	0	0	0	0		0	0	1	1	1	1	1	1	0,0,0,0
1358	2000106	-1000000	200	10000	300	38653	3221	78407	0	0	0	0	0	0	0	0	10000	0	0	0	0	0		0	0	1	1	1	1	1	1	0,0,0,0
1359	2000109	-1000000	200	10000	300	38653	3221	78407	0	0	0	0	0	0	0	0	10000	0	0	0	0	0		0	0	1	1	1	1	1	1	0,0,0,0
1360	1000006	0	200	10000	300	54760	8401	334581	0	0	0	0	0	0	0	0	10000	0	0	0	0	0		0	3300	1	1	1	1	1	1	0,0,0,0
1361	1000027	0	200	10000	300	54760	8401	334581	0	0	0	0	0	0	0	0	10000	0	0	0	0	0		0	3300	1	1	1	1	1	1	0,0,0,0
1362	1000016	0	200	10000	300	26881	10390	623980	0	0	0	0	0	0	0	0	10000	0	0	0	0	0		0	3300	1	1	1	1	1	1	0,0,0,0
1363	1000022	0	200	10000	300	42975	6673	255093	0	0	0	0	0	0	0	0	10000	0	0	0	0	0		0	3300	1	1	1	1	1	1	0,0,0,0
1364	1000024	0	200	10000	300	54760	8401	334581	0	0	0	0	0	0	0	0	10000	0	0	0	0	0		0	3300	1	1	1	1	1	1	0,0,0,0
1365	1000007	0	200	10000	300	44145	9742	395321	0	0	0	0	0	0	0	0	10000	0	0	0	0	0		0	3300	1	1	1	1	1	1	0,0,0,0
1366	1000011	0	200	10000	300	90352	13585	573045	0	0	0	0	0	0	0	0	10000	0	0	0	0	0		0	3300	1	1	1	1	1	1	0,0,0,0
1367	1000015	0	200	10000	300	90352	13585	573045	0	0	0	0	0	0	0	0	10000	0	0	0	0	0		0	3300	1	1	1	1	1	1	0,0,0,0
1368	2000101	-1000000	200	10000	300	774	39	1134	0	0	0	0	0	0	0	0	10000	0	0	0	0	0		0	0	1	1	1	1	1	1	0,0,0,0
1369	2000102	-1000000	200	10000	300	774	39	1134	0	0	0	0	0	0	0	0	10000	0	0	0	0	0		0	0	1	1	1	1	1	1	0,0,0,0
1370	2000104	-1000000	200	10000	300	774	39	1134	0	0	0	0	0	0	0	0	10000	0	0	0	0	0		0	0	1	1	1	1	1	1	0,0,0,0
1371	2000105	-1000000	200	10000	300	774	39	1134	0	0	0	0	0	0	0	0	10000	0	0	0	0	0		0	0	1	1	1	1	1	1	0,0,0,0
1372	2000106	-1000000	200	10000	300	774	39	1134	0	0	0	0	0	0	0	0	10000	0	0	0	0	0		0	0	1	1	1	1	1	1	0,0,0,0
1373	2000109	-1000000	200	10000	300	774	39	1134	0	0	0	0	0	0	0	0	10000	0	0	0	0	0		0	0	1	1	1	1	1	1	0,0,0,0
1374	1000028	0	200	10000	300	1247	86	11340	0	0	0	0	0	0	0	0	10000	0	0	0	0	0		0	3300	1	1	1	1	1	1	0,0,0,0
1375	1000003	0	200	10000	300	1207	178	19721	0	0	0	0	0	0	0	0	10000	0	0	0	0	0		0	3300	1	1	1	1	1	1	0,0,0,0
1376	1000006	0	200	10000	300	1734	130	17010	0	0	0	0	0	0	0	0	10000	0	0	0	0	0		0	3300	1	1	1	1	1	1	0,0,0,0
1377	1000018	0	200	10000	300	905	119	13023	0	0	0	0	0	0	0	0	10000	0	0	0	0	0		0	3300	1	1	1	1	1	1	0,0,0,0
1378	2000101	-1000000	200	10000	300	1122	129	2731	0	0	0	0	0	0	0	0	10000	0	0	0	0	0		0	0	1	1	1	1	1	1	0,0,0,0
1379	2000102	-1000000	200	10000	300	1122	129	2731	0	0	0	0	0	0	0	0	10000	0	0	0	0	0		0	0	1	1	1	1	1	1	0,0,0,0
1380	2000104	-1000000	200	10000	300	1122	129	2731	0	0	0	0	0	0	0	0	10000	0	0	0	0	0		0	0	1	1	1	1	1	1	0,0,0,0
1381	2000105	-1000000	200	10000	300	1122	129	2731	0	0	0	0	0	0	0	0	10000	0	0	0	0	0		0	0	1	1	1	1	1	1	0,0,0,0
1382	2000106	-1000000	200	10000	300	1122	129	2731	0	0	0	0	0	0	0	0	10000	0	0	0	0	0		0	0	1	1	1	1	1	1	0,0,0,0
1383	2000109	-1000000	200	10000	300	1122	129	2731	0	0	0	0	0	0	0	0	10000	0	0	0	0	0		0	0	1	1	1	1	1	1	0,0,0,0
1384	1000024	0	200	10000	300	2284	282	23463	0	0	0	0	0	0	0	0	10000	0	0	0	0	0		0	3300	1	1	1	1	1	1	0,0,0,0
1385	1000027	0	200	10000	300	2284	282	23463	0	0	0	0	0	0	0	0	10000	0	0	0	0	0		0	3300	1	1	1	1	1	1	0,0,0,0
1386	1000002	0	200	10000	300	1471	248	16425	0	0	0	0	0	0	0	0	10000	0	0	0	0	0		0	3300	1	1	1	1	1	1	0,0,0,0
1387	1000009	0	200	10000	300	1982	337	23505	0	0	0	0	0	0	0	0	10000	0	0	0	0	0		0	3300	1	1	1	1	1	1	0,0,0,0
1388	1000021	0	200	10000	300	1224	266	18750	0	0	0	0	0	0	0	0	10000	0	0	0	0	0		0	3300	1	1	1	1	1	1	0,0,0,0
1389	1000007	0	200	10000	300	1982	337	23505	0	0	0	0	0	0	0	0	10000	0	0	0	0	0		0	3300	1	1	1	1	1	1	0,0,0,0
1390	1000018	0	200	10000	300	1224	266	18750	0	0	0	0	0	0	0	0	10000	0	0	0	0	0		0	3300	1	1	1	1	1	1	0,0,0,0
1391	1000001	0	200	10000	300	2284	282	23463	0	0	0	0	0	0	0	0	10000	0	0	0	0	0		0	3300	1	1	1	1	1	1	0,0,0,0
1392	2000101	-1000000	200	10000	300	1225	146	3018	0	0	0	0	0	0	0	0	10000	0	0	0	0	0		0	0	1	1	1	1	1	1	0,0,0,0
1393	2000102	-1000000	200	10000	300	1225	146	3018	0	0	0	0	0	0	0	0	10000	0	0	0	0	0		0	0	1	1	1	1	1	1	0,0,0,0
1394	2000104	-1000000	200	10000	300	1225	146	3018	0	0	0	0	0	0	0	0	10000	0	0	0	0	0		0	0	1	1	1	1	1	1	0,0,0,0
1395	2000105	-1000000	200	10000	300	1225	146	3018	0	0	0	0	0	0	0	0	10000	0	0	0	0	0		0	0	1	1	1	1	1	1	0,0,0,0
1396	2000106	-1000000	200	10000	300	1225	146	3018	0	0	0	0	0	0	0	0	10000	0	0	0	0	0		0	0	1	1	1	1	1	1	0,0,0,0
1397	2000109	-1000000	200	10000	300	1225	146	3018	0	0	0	0	0	0	0	0	10000	0	0	0	0	0		0	0	1	1	1	1	1	1	0,0,0,0
1398	1000020	0	200	10000	300	1348	369	20784	0	0	0	0	0	0	0	0	10000	0	0	0	0	0		0	3300	1	1	1	1	1	1	0,0,0,0
1399	1000005	0	200	10000	300	1624	344	18150	0	0	0	0	0	0	0	0	10000	0	0	0	0	0		0	3300	1	1	1	1	1	1	0,0,0,0
1400	1000022	0	200	10000	300	1842	291	18108	0	0	0	0	0	0	0	0	10000	0	0	0	0	0		0	3300	1	1	1	1	1	1	0,0,0,0
1401	1000002	0	200	10000	300	1624	344	18150	0	0	0	0	0	0	0	0	10000	0	0	0	0	0		0	3300	1	1	1	1	1	1	0,0,0,0
1402	2000101	-1000000	200	10000	300	1624	210	3826	0	0	0	0	0	0	0	0	10000	0	0	0	0	0		0	0	1	1	1	1	1	1	0,0,0,0
1403	2000102	-1000000	200	10000	300	1624	210	3826	0	0	0	0	0	0	0	0	10000	0	0	0	0	0		0	0	1	1	1	1	1	1	0,0,0,0
1404	2000104	-1000000	200	10000	300	1624	210	3826	0	0	0	0	0	0	0	0	10000	0	0	0	0	0		0	0	1	1	1	1	1	1	0,0,0,0
1405	2000105	-1000000	200	10000	300	1624	210	3826	0	0	0	0	0	0	0	0	10000	0	0	0	0	0		0	0	1	1	1	1	1	1	0,0,0,0
1406	2000106	-1000000	200	10000	300	1624	210	3826	0	0	0	0	0	0	0	0	10000	0	0	0	0	0		0	0	1	1	1	1	1	1	0,0,0,0
1407	2000109	-1000000	200	10000	300	1624	210	3826	0	0	0	0	0	0	0	0	10000	0	0	0	0	0		0	0	1	1	1	1	1	1	0,0,0,0
1408	1000023	0	200	10000	300	1679	525	26360	0	0	0	0	0	0	0	0	10000	0	0	0	0	0		0	3300	1	1	1	1	1	1	0,0,0,0
1409	1000017	0	200	10000	300	2026	491	22995	0	0	0	0	0	0	0	0	10000	0	0	0	0	0		0	3300	1	1	1	1	1	1	0,0,0,0
1410	1000009	0	200	10000	300	2706	663	32310	0	0	0	0	0	0	0	0	10000	0	0	0	0	0		0	3300	1	1	1	1	1	1	0,0,0,0
1411	1000028	0	200	10000	300	2291	421	22953	0	0	0	0	0	0	0	0	10000	0	0	0	0	0		0	3300	1	1	1	1	1	1	0,0,0,0
1412	1000007	0	200	10000	300	2706	663	32310	0	0	0	0	0	0	0	0	10000	0	0	0	0	0		0	3300	1	1	1	1	1	1	0,0,0,0
1413	1000016	0	200	10000	300	2175	715	37562	0	0	0	0	0	0	0	0	10000	0	0	0	0	0		0	3300	1	1	1	1	1	1	0,0,0,0
1414	1000021	0	200	10000	300	1679	525	26360	0	0	0	0	0	0	0	0	10000	0	0	0	0	0		0	3300	1	1	1	1	1	1	0,0,0,0
1415	2000101	-1000000	200	10000	300	2621	345	5473	0	0	0	0	0	0	0	0	10000	0	0	0	0	0		0	0	1	1	1	1	1	1	0,0,0,0
1416	2000102	-1000000	200	10000	300	2621	345	5473	0	0	0	0	0	0	0	0	10000	0	0	0	0	0		0	0	1	1	1	1	1	1	0,0,0,0
1417	2000104	-1000000	200	10000	300	2621	345	5473	0	0	0	0	0	0	0	0	10000	0	0	0	0	0		0	0	1	1	1	1	1	1	0,0,0,0
1418	2000105	-1000000	200	10000	300	2621	345	5473	0	0	0	0	0	0	0	0	10000	0	0	0	0	0		0	0	1	1	1	1	1	1	0,0,0,0
1419	2000106	-1000000	200	10000	300	2621	345	5473	0	0	0	0	0	0	0	0	10000	0	0	0	0	0		0	0	1	1	1	1	1	1	0,0,0,0
1420	2000109	-1000000	200	10000	300	2621	345	5473	0	0	0	0	0	0	0	0	10000	0	0	0	0	0		0	0	1	1	1	1	1	1	0,0,0,0
1421	1000016	0	200	10000	300	2657	950	46336	0	0	0	0	0	0	0	0	10000	0	0	0	0	0		0	3300	1	1	1	1	1	1	0,0,0,0
1422	1000006	0	200	10000	300	3801	749	39498	0	0	0	0	0	0	0	0	10000	0	0	0	0	0		0	3300	1	1	1	1	1	1	0,0,0,0
1423	1000003	0	200	10000	300	2657	950	46336	0	0	0	0	0	0	0	0	10000	0	0	0	0	0		0	3300	1	1	1	1	1	1	0,0,0,0
1424	1000004	0	200	10000	300	2065	705	32913	0	0	0	0	0	0	0	0	10000	0	0	0	0	0		0	3300	1	1	1	1	1	1	0,0,0,0
1425	1000010	0	200	10000	300	2657	950	46336	0	0	0	0	0	0	0	0	10000	0	0	0	0	0		0	3300	1	1	1	1	1	1	0,0,0,0
1426	1000023	0	200	10000	300	2065	705	32913	0	0	0	0	0	0	0	0	10000	0	0	0	0	0		0	3300	1	1	1	1	1	1	0,0,0,0
1427	1000002	0	200	10000	300	2507	661	28440	0	0	0	0	0	0	0	0	10000	0	0	0	0	0		0	3300	1	1	1	1	1	1	0,0,0,0
1428	1000028	0	200	10000	300	2824	571	28398	0	0	0	0	0	0	0	0	10000	0	0	0	0	0		0	3300	1	1	1	1	1	1	0,0,0,0
1429	1000008	0	200	10000	300	2657	950	46336	0	0	0	0	0	0	0	0	10000	0	0	0	0	0		0	3300	1	1	1	1	1	1	0,0,0,0
1430	1000007	0	200	10000	300	3322	883	39540	0	0	0	0	0	0	0	0	10000	0	0	0	0	0		0	3300	1	1	1	1	1	1	0,0,0,0
1431	1000025	0	200	10000	300	2507	661	28440	0	0	0	0	0	0	0	0	10000	0	0	0	0	0		0	3300	1	1	1	1	1	1	0,0,0,0
1432	1000026	0	200	10000	300	3322	883	39540	0	0	0	0	0	0	0	0	10000	0	0	0	0	0		0	3300	1	1	1	1	1	1	0,0,0,0
1433	2000101	-1000000	200	10000	300	3413	488	8623	0	0	0	0	0	0	0	0	10000	0	0	0	0	0		0	0	1	1	1	1	1	1	0,0,0,0
1434	2000102	-1000000	200	10000	300	3413	488	8623	0	0	0	0	0	0	0	0	10000	0	0	0	0	0		0	0	1	1	1	1	1	1	0,0,0,0
1435	2000104	-1000000	200	10000	300	3413	488	8623	0	0	0	0	0	0	0	0	10000	0	0	0	0	0		0	0	1	1	1	1	1	1	0,0,0,0
1436	2000105	-1000000	200	10000	300	3413	488	8623	0	0	0	0	0	0	0	0	10000	0	0	0	0	0		0	0	1	1	1	1	1	1	0,0,0,0
1437	2000106	-1000000	200	10000	300	3413	488	8623	0	0	0	0	0	0	0	0	10000	0	0	0	0	0		0	0	1	1	1	1	1	1	0,0,0,0
1438	2000109	-1000000	200	10000	300	3413	488	8623	0	0	0	0	0	0	0	0	10000	0	0	0	0	0		0	0	1	1	1	1	1	1	0,0,0,0
1439	1000012	0	200	10000	300	8040	790	105240	0	0	0	0	0	0	0	0	10000	0	0	0	0	0		0	3300	1	1	1	1	1	1	0,0,0,0
1440	1000007	0	200	10000	300	4570	1487	59025	0	0	0	0	0	0	0	0	10000	0	0	0	0	0		0	3300	1	1	1	1	1	1	0,0,0,0
1441	1000028	0	200	10000	300	3891	977	43116	0	0	0	0	0	0	0	0	10000	0	0	0	0	0		0	3300	1	1	1	1	1	1	0,0,0,0
1442	1000027	0	200	10000	300	5257	1261	58521	0	0	0	0	0	0	0	0	10000	0	0	0	0	0		0	3300	1	1	1	1	1	1	0,0,0,0
1443	1000024	0	200	10000	300	5257	1261	58521	0	0	0	0	0	0	0	0	10000	0	0	0	0	0		0	3300	1	1	1	1	1	1	0,0,0,0
1444	1000002	0	200	10000	300	3429	1131	43620	0	0	0	0	0	0	0	0	10000	0	0	0	0	0		0	3300	1	1	1	1	1	1	0,0,0,0
1445	1000010	0	200	10000	300	3549	1593	70656	0	0	0	0	0	0	0	0	10000	0	0	0	0	0		0	3300	1	1	1	1	1	1	0,0,0,0
1446	1000001	0	200	10000	300	5257	1261	58521	0	0	0	0	0	0	0	0	10000	0	0	0	0	0		0	3300	1	1	1	1	1	1	0,0,0,0
1447	1000023	0	200	10000	300	2727	1202	51886	0	0	0	0	0	0	0	0	10000	0	0	0	0	0		0	3300	1	1	1	1	1	1	0,0,0,0
1448	1000009	0	200	10000	300	4570	1487	59025	0	0	0	0	0	0	0	0	10000	0	0	0	0	0		0	3300	1	1	1	1	1	1	0,0,0,0
1449	1000021	0	200	10000	300	2727	1202	51886	0	0	0	0	0	0	0	0	10000	0	0	0	0	0		0	3300	1	1	1	1	1	1	0,0,0,0
1450	1000016	0	200	10000	300	3549	1593	70656	0	0	0	0	0	0	0	0	10000	0	0	0	0	0		0	3300	1	1	1	1	1	1	0,0,0,0
1451	2000101	-1000000	200	10000	300	4481	591	10027	0	0	0	0	0	0	0	0	10000	0	0	0	0	0		0	0	1	1	1	1	1	1	0,0,0,0
1452	2000102	-1000000	200	10000	300	4481	591	10027	0	0	0	0	0	0	0	0	10000	0	0	0	0	0		0	0	1	1	1	1	1	1	0,0,0,0
1453	2000104	-1000000	200	10000	300	4481	591	10027	0	0	0	0	0	0	0	0	10000	0	0	0	0	0		0	0	1	1	1	1	1	1	0,0,0,0
1454	2000105	-1000000	200	10000	300	4481	591	10027	0	0	0	0	0	0	0	0	10000	0	0	0	0	0		0	0	1	1	1	1	1	1	0,0,0,0
1455	2000106	-1000000	200	10000	300	4481	591	10027	0	0	0	0	0	0	0	0	10000	0	0	0	0	0		0	0	1	1	1	1	1	1	0,0,0,0
1456	2000109	-1000000	200	10000	300	4481	591	10027	0	0	0	0	0	0	0	0	10000	0	0	0	0	0		0	0	1	1	1	1	1	1	0,0,0,0
1457	1000007	0	200	10000	300	6537	1781	81936	0	0	0	0	0	0	0	0	10000	0	0	0	0	0		0	3300	1	1	1	1	1	1	0,0,0,0
1458	1000026	0	200	10000	300	6537	1781	81936	0	0	0	0	0	0	0	0	10000	0	0	0	0	0		0	3300	1	1	1	1	1	1	0,0,0,0
1459	1000027	0	200	10000	300	7484	1517	67776	0	0	0	0	0	0	0	0	10000	0	0	0	0	0		0	3300	1	1	1	1	1	1	0,0,0,0
1460	1000024	0	200	10000	300	7484	1517	67776	0	0	0	0	0	0	0	0	10000	0	0	0	0	0		0	3300	1	1	1	1	1	1	0,0,0,0
1461	1000023	0	200	10000	300	3247	1445	74022	0	0	0	0	0	0	0	0	10000	0	0	0	0	0		0	3300	1	1	1	1	1	1	0,0,0,0
1462	1000002	0	200	10000	300	4965	1361	60768	0	0	0	0	0	0	0	0	10000	0	0	0	0	0		0	3300	1	1	1	1	1	1	0,0,0,0
1463	1000028	0	200	10000	300	5601	1181	50136	0	0	0	0	0	0	0	0	10000	0	0	0	0	0		0	3300	1	1	1	1	1	1	0,0,0,0
1464	1000009	0	200	10000	300	6537	1781	81936	0	0	0	0	0	0	0	0	10000	0	0	0	0	0		0	3300	1	1	1	1	1	1	0,0,0,0
1465	2000101	-1000000	200	10000	300	6123	704	11551	0	0	0	0	0	0	0	0	10000	0	0	0	0	0		0	0	1	1	1	1	1	1	0,0,0,0
1466	2000102	-1000000	200	10000	300	6123	704	11551	0	0	0	0	0	0	0	0	10000	0	0	0	0	0		0	0	1	1	1	1	1	1	0,0,0,0
1467	2000104	-1000000	200	10000	300	6123	704	11551	0	0	0	0	0	0	0	0	10000	0	0	0	0	0		0	0	1	1	1	1	1	1	0,0,0,0
1468	2000105	-1000000	200	10000	300	6123	704	11551	0	0	0	0	0	0	0	0	10000	0	0	0	0	0		0	0	1	1	1	1	1	1	0,0,0,0
1469	2000106	-1000000	200	10000	300	6123	704	11551	0	0	0	0	0	0	0	0	10000	0	0	0	0	0		0	0	1	1	1	1	1	1	0,0,0,0
1470	2000109	-1000000	200	10000	300	6123	704	11551	0	0	0	0	0	0	0	0	10000	0	0	0	0	0		0	0	1	1	1	1	1	1	0,0,0,0
1471	1000009	0	200	10000	300	7906	2105	93942	0	0	0	0	0	0	0	0	10000	0	0	0	0	0		0	3300	1	1	1	1	1	1	0,0,0,0
1472	1000004	0	200	10000	300	3822	1713	89045	0	0	0	0	0	0	0	0	10000	0	0	0	0	0		0	3300	1	1	1	1	1	1	0,0,0,0
1473	1000003	0	200	10000	300	4890	2251	119425	0	0	0	0	0	0	0	0	10000	0	0	0	0	0		0	3300	1	1	1	1	1	1	0,0,0,0
1474	1000006	0	200	10000	300	9015	1799	77781	0	0	0	0	0	0	0	0	10000	0	0	0	0	0		0	3300	1	1	1	1	1	1	0,0,0,0
1475	1000024	0	200	10000	300	9015	1799	77781	0	0	0	0	0	0	0	0	10000	0	0	0	0	0		0	3300	1	1	1	1	1	1	0,0,0,0
1476	1000020	0	200	10000	300	3822	1713	89045	0	0	0	0	0	0	0	0	10000	0	0	0	0	0		0	3300	1	1	1	1	1	1	0,0,0,0
1477	1000018	0	200	10000	300	3822	1713	89045	0	0	0	0	0	0	0	0	10000	0	0	0	0	0		0	3300	1	1	1	1	1	1	0,0,0,0
1478	1000002	0	200	10000	300	6060	1615	69912	0	0	0	0	0	0	0	0	10000	0	0	0	0	0		0	3300	1	1	1	1	1	1	0,0,0,0
1479	1000001	0	200	10000	300	9015	1799	77781	0	0	0	0	0	0	0	0	10000	0	0	0	0	0		0	3300	1	1	1	1	1	1	0,0,0,0
1480	2000101	-1000000	200	10000	300	7452	827	15394	0	0	0	0	0	0	0	0	10000	0	0	0	0	0		0	0	1	1	1	1	1	1	0,0,0,0
1481	2000102	-1000000	200	10000	300	7452	827	15394	0	0	0	0	0	0	0	0	10000	0	0	0	0	0		0	0	1	1	1	1	1	1	0,0,0,0
1482	2000104	-1000000	200	10000	300	7452	827	15394	0	0	0	0	0	0	0	0	10000	0	0	0	0	0		0	0	1	1	1	1	1	1	0,0,0,0
1483	2000105	-1000000	200	10000	300	7452	827	15394	0	0	0	0	0	0	0	0	10000	0	0	0	0	0		0	0	1	1	1	1	1	1	0,0,0,0
1484	2000106	-1000000	200	10000	300	7452	827	15394	0	0	0	0	0	0	0	0	10000	0	0	0	0	0		0	0	1	1	1	1	1	1	0,0,0,0
1485	2000109	-1000000	200	10000	300	7452	827	15394	0	0	0	0	0	0	0	0	10000	0	0	0	0	0		0	0	1	1	1	1	1	1	0,0,0,0
1486	1000002	0	200	10000	300	7934	2080	86544	0	0	0	0	0	0	0	0	10000	0	0	0	0	0		0	3300	1	1	1	1	1	1	0,0,0,0
1487	1000022	0	200	10000	300	8914	1805	71616	0	0	0	0	0	0	0	0	10000	0	0	0	0	0		0	3300	1	1	1	1	1	1	0,0,0,0
1488	1000008	0	200	10000	300	6108	2935	156318	0	0	0	0	0	0	0	0	10000	0	0	0	0	0		0	3300	1	1	1	1	1	1	0,0,0,0
1489	1000028	0	200	10000	300	8914	1805	71616	0	0	0	0	0	0	0	0	10000	0	0	0	0	0		0	3300	1	1	1	1	1	1	0,0,0,0
1490	1000016	0	200	10000	300	6108	2935	156318	0	0	0	0	0	0	0	0	10000	0	0	0	0	0		0	3300	1	1	1	1	1	1	0,0,0,0
1491	1000009	0	200	10000	300	10383	2738	117000	0	0	0	0	0	0	0	0	10000	0	0	0	0	0		0	3300	1	1	1	1	1	1	0,0,0,0
1492	1000021	0	200	10000	300	4754	2212	116015	0	0	0	0	0	0	0	0	10000	0	0	0	0	0		0	3300	1	1	1	1	1	1	0,0,0,0
1493	1000023	0	200	10000	300	4754	2212	116015	0	0	0	0	0	0	0	0	10000	0	0	0	0	0		0	3300	1	1	1	1	1	1	0,0,0,0
1494	1000007	0	200	10000	300	10383	2738	117000	0	0	0	0	0	0	0	0	10000	0	0	0	0	0		0	3300	1	1	1	1	1	1	0,0,0,0
1495	1000017	0	200	10000	300	7934	2080	86544	0	0	0	0	0	0	0	0	10000	0	0	0	0	0		0	3300	1	1	1	1	1	1	0,0,0,0
1496	1000005	0	200	10000	300	7934	2080	86544	0	0	0	0	0	0	0	0	10000	0	0	0	0	0		0	3300	1	1	1	1	1	1	0,0,0,0
1497	2000101	-1000000	200	10000	300	9248	1101	21074	0	0	0	0	0	0	0	0	10000	0	0	0	0	0		0	0	1	1	1	1	1	1	0,0,0,0
1498	2000102	-1000000	200	10000	300	9248	1101	21074	0	0	0	0	0	0	0	0	10000	0	0	0	0	0		0	0	1	1	1	1	1	1	0,0,0,0
1499	2000104	-1000000	200	10000	300	9248	1101	21074	0	0	0	0	0	0	0	0	10000	0	0	0	0	0		0	0	1	1	1	1	1	1	0,0,0,0
1500	2000105	-1000000	200	10000	300	9248	1101	21074	0	0	0	0	0	0	0	0	10000	0	0	0	0	0		0	0	1	1	1	1	1	1	0,0,0,0
1501	2000106	-1000000	200	10000	300	9248	1101	21074	0	0	0	0	0	0	0	0	10000	0	0	0	0	0		0	0	1	1	1	1	1	1	0,0,0,0
1502	2000109	-1000000	200	10000	300	9248	1101	21074	0	0	0	0	0	0	0	0	10000	0	0	0	0	0		0	0	1	1	1	1	1	1	0,0,0,0
1503	1000003	0	200	10000	300	7249	3487	189106	0	0	0	0	0	0	0	0	10000	0	0	0	0	0		0	3300	1	1	1	1	1	1	0,0,0,0
1504	1000017	0	200	10000	300	9816	2522	103122	0	0	0	0	0	0	0	0	10000	0	0	0	0	0		0	3300	1	1	1	1	1	1	0,0,0,0
1505	1000001	0	200	10000	300	14333	2796	113184	0	0	0	0	0	0	0	0	10000	0	0	0	0	0		0	3300	1	1	1	1	1	1	0,0,0,0
1506	1000024	0	200	10000	300	14333	2796	113184	0	0	0	0	0	0	0	0	10000	0	0	0	0	0		0	3300	1	1	1	1	1	1	0,0,0,0
1507	1000007	0	200	10000	300	12628	3265	136980	0	0	0	0	0	0	0	0	10000	0	0	0	0	0		0	3300	1	1	1	1	1	1	0,0,0,0
1508	1000023	0	200	10000	300	5745	2671	142838	0	0	0	0	0	0	0	0	10000	0	0	0	0	0		0	3300	1	1	1	1	1	1	0,0,0,0
1509	1000002	0	200	10000	300	9816	2522	103122	0	0	0	0	0	0	0	0	10000	0	0	0	0	0		0	3300	1	1	1	1	1	1	0,0,0,0
1510	1000005	0	200	10000	300	9816	2522	103122	0	0	0	0	0	0	0	0	10000	0	0	0	0	0		0	3300	1	1	1	1	1	1	0,0,0,0
1511	1000008	0	200	10000	300	7249	3487	189106	0	0	0	0	0	0	0	0	10000	0	0	0	0	0		0	3300	1	1	1	1	1	1	0,0,0,0
1512	1000016	0	200	10000	300	7249	3487	189106	0	0	0	0	0	0	0	0	10000	0	0	0	0	0		0	3300	1	1	1	1	1	1	0,0,0,0
1513	1000010	0	200	10000	300	7249	3487	189106	0	0	0	0	0	0	0	0	10000	0	0	0	0	0		0	3300	1	1	1	1	1	1	0,0,0,0
1514	2000101	-1000000	200	10000	300	13706	1252	23606	0	0	0	0	0	0	0	0	10000	0	0	0	0	0		0	0	1	1	1	1	1	1	0,0,0,0
1515	2000102	-1000000	200	10000	300	13706	1252	23606	0	0	0	0	0	0	0	0	10000	0	0	0	0	0		0	0	1	1	1	1	1	1	0,0,0,0
1516	2000104	-1000000	200	10000	300	13706	1252	23606	0	0	0	0	0	0	0	0	10000	0	0	0	0	0		0	0	1	1	1	1	1	1	0,0,0,0
1517	2000105	-1000000	200	10000	300	13706	1252	23606	0	0	0	0	0	0	0	0	10000	0	0	0	0	0		0	0	1	1	1	1	1	1	0,0,0,0
1518	2000106	-1000000	200	10000	300	13706	1252	23606	0	0	0	0	0	0	0	0	10000	0	0	0	0	0		0	0	1	1	1	1	1	1	0,0,0,0
1519	2000109	-1000000	200	10000	300	13706	1252	23606	0	0	0	0	0	0	0	0	10000	0	0	0	0	0		0	0	1	1	1	1	1	1	0,0,0,0
1520	1000010	0	200	10000	300	9808	3941	246209	0	0	0	0	0	0	0	0	10000	0	0	0	0	0		0	3300	1	1	1	1	1	1	0,0,0,0
1521	1000018	0	200	10000	300	7811	3025	186626	0	0	0	0	0	0	0	0	10000	0	0	0	0	0		0	3300	1	1	1	1	1	1	0,0,0,0
1522	1000027	0	200	10000	300	21013	3169	125964	0	0	0	0	0	0	0	0	10000	0	0	0	0	0		0	3300	1	1	1	1	1	1	0,0,0,0
1523	1000024	0	200	10000	300	21013	3169	125964	0	0	0	0	0	0	0	0	10000	0	0	0	0	0		0	3300	1	1	1	1	1	1	0,0,0,0
1524	1000008	0	200	10000	300	9808	3941	246209	0	0	0	0	0	0	0	0	10000	0	0	0	0	0		0	3300	1	1	1	1	1	1	0,0,0,0
1525	1000006	0	200	10000	300	21013	3169	125964	0	0	0	0	0	0	0	0	10000	0	0	0	0	0		0	3300	1	1	1	1	1	1	0,0,0,0
1526	1000004	0	200	10000	300	7811	3025	186626	0	0	0	0	0	0	0	0	10000	0	0	0	0	0		0	3300	1	1	1	1	1	1	0,0,0,0
1527	1000022	0	200	10000	300	16175	2503	94764	0	0	0	0	0	0	0	0	10000	0	0	0	0	0		0	3300	1	1	1	1	1	1	0,0,0,0
1528	1000002	0	200	10000	300	12990	2859	114876	0	0	0	0	0	0	0	0	10000	0	0	0	0	0		0	3300	1	1	1	1	1	1	0,0,0,0
1529	1000023	0	200	10000	300	7811	3025	186626	0	0	0	0	0	0	0	0	10000	0	0	0	0	0		0	3300	1	1	1	1	1	1	0,0,0,0
1530	1000028	0	200	10000	300	16175	2503	94764	0	0	0	0	0	0	0	0	10000	0	0	0	0	0		0	3300	1	1	1	1	1	1	0,0,0,0
1531	1000001	0	200	10000	300	21013	3169	125964	0	0	0	0	0	0	0	0	10000	0	0	0	0	0		0	3300	1	1	1	1	1	1	0,0,0,0
1532	1000011	0	200	10000	300	35640	5166	219564	0	0	0	0	0	0	0	0	10000	0	0	0	0	0		0	3300	1	1	1	1	1	1	0,0,0,0
1533	2000101	-1000000	200	10000	300	16697	1413	30243	0	0	0	0	0	0	0	0	10000	0	0	0	0	0		0	0	1	1	1	1	1	1	0,0,0,0
1534	2000102	-1000000	200	10000	300	16697	1413	30243	0	0	0	0	0	0	0	0	10000	0	0	0	0	0		0	0	1	1	1	1	1	1	0,0,0,0
1535	2000104	-1000000	200	10000	300	16697	1413	30243	0	0	0	0	0	0	0	0	10000	0	0	0	0	0		0	0	1	1	1	1	1	1	0,0,0,0
1536	2000105	-1000000	200	10000	300	16697	1413	30243	0	0	0	0	0	0	0	0	10000	0	0	0	0	0		0	0	1	1	1	1	1	1	0,0,0,0
1537	2000106	-1000000	200	10000	300	16697	1413	30243	0	0	0	0	0	0	0	0	10000	0	0	0	0	0		0	0	1	1	1	1	1	1	0,0,0,0
1538	2000109	-1000000	200	10000	300	16697	1413	30243	0	0	0	0	0	0	0	0	10000	0	0	0	0	0		0	0	1	1	1	1	1	1	0,0,0,0
1539	1000010	0	200	10000	300	13073	4783	317797	0	0	0	0	0	0	0	0	10000	0	0	0	0	0		0	3300	1	1	1	1	1	1	0,0,0,0
1540	1000004	0	200	10000	300	10366	3644	239603	0	0	0	0	0	0	0	0	10000	0	0	0	0	0		0	3300	1	1	1	1	1	1	0,0,0,0
1541	1000007	0	200	10000	300	21499	4473	202865	0	0	0	0	0	0	0	0	10000	0	0	0	0	0		0	3300	1	1	1	1	1	1	0,0,0,0
1542	1000025	0	200	10000	300	16748	3437	152098	0	0	0	0	0	0	0	0	10000	0	0	0	0	0		0	3300	1	1	1	1	1	1	0,0,0,0
1543	1000017	0	200	10000	300	16748	3437	152098	0	0	0	0	0	0	0	0	10000	0	0	0	0	0		0	3300	1	1	1	1	1	1	0,0,0,0
1544	1000005	0	200	10000	300	16748	3437	152098	0	0	0	0	0	0	0	0	10000	0	0	0	0	0		0	3300	1	1	1	1	1	1	0,0,0,0
1545	1000009	0	200	10000	300	21499	4473	202865	0	0	0	0	0	0	0	0	10000	0	0	0	0	0		0	3300	1	1	1	1	1	1	0,0,0,0
1546	1000016	0	200	10000	300	13073	4783	317797	0	0	0	0	0	0	0	0	10000	0	0	0	0	0		0	3300	1	1	1	1	1	1	0,0,0,0
1547	1000021	0	200	10000	300	10366	3644	239603	0	0	0	0	0	0	0	0	10000	0	0	0	0	0		0	3300	1	1	1	1	1	1	0,0,0,0
1548	1000008	0	200	10000	300	13073	4783	317797	0	0	0	0	0	0	0	0	10000	0	0	0	0	0		0	3300	1	1	1	1	1	1	0,0,0,0
1549	2000101	-1000000	200	10000	300	20811	1585	33523	0	0	0	0	0	0	0	0	10000	0	0	0	0	0		0	0	1	1	1	1	1	1	0,0,0,0
1550	2000102	-1000000	200	10000	300	20811	1585	33523	0	0	0	0	0	0	0	0	10000	0	0	0	0	0		0	0	1	1	1	1	1	1	0,0,0,0
1551	2000104	-1000000	200	10000	300	20811	1585	33523	0	0	0	0	0	0	0	0	10000	0	0	0	0	0		0	0	1	1	1	1	1	1	0,0,0,0
1552	2000105	-1000000	200	10000	300	20811	1585	33523	0	0	0	0	0	0	0	0	10000	0	0	0	0	0		0	0	1	1	1	1	1	1	0,0,0,0
1553	2000106	-1000000	200	10000	300	20811	1585	33523	0	0	0	0	0	0	0	0	10000	0	0	0	0	0		0	0	1	1	1	1	1	1	0,0,0,0
1554	2000109	-1000000	200	10000	300	20811	1585	33523	0	0	0	0	0	0	0	0	10000	0	0	0	0	0		0	0	1	1	1	1	1	1	0,0,0,0
1555	1000002	0	200	10000	300	18711	3831	167346	0	0	0	0	0	0	0	0	10000	0	0	0	0	0		0	3300	1	1	1	1	1	1	0,0,0,0
1556	1000026	0	200	10000	300	23911	4971	222750	0	0	0	0	0	0	0	0	10000	0	0	0	0	0		0	3300	1	1	1	1	1	1	0,0,0,0
1557	1000008	0	200	10000	300	14525	5313	350266	0	0	0	0	0	0	0	0	10000	0	0	0	0	0		0	3300	1	1	1	1	1	1	0,0,0,0
1558	1000016	0	200	10000	300	14525	5313	350266	0	0	0	0	0	0	0	0	10000	0	0	0	0	0		0	3300	1	1	1	1	1	1	0,0,0,0
1559	1000009	0	200	10000	300	23911	4971	222750	0	0	0	0	0	0	0	0	10000	0	0	0	0	0		0	3300	1	1	1	1	1	1	0,0,0,0
1560	1000024	0	200	10000	300	29948	4264	188639	0	0	0	0	0	0	0	0	10000	0	0	0	0	0		0	3300	1	1	1	1	1	1	0,0,0,0
1561	1000021	0	200	10000	300	11570	4059	264690	0	0	0	0	0	0	0	0	10000	0	0	0	0	0		0	3300	1	1	1	1	1	1	0,0,0,0
1562	1000028	0	200	10000	300	23059	3352	141443	0	0	0	0	0	0	0	0	10000	0	0	0	0	0		0	3300	1	1	1	1	1	1	0,0,0,0
1563	1000023	0	200	10000	300	11570	4059	264690	0	0	0	0	0	0	0	0	10000	0	0	0	0	0		0	3300	1	1	1	1	1	1	0,0,0,0
1564	1000022	0	200	10000	300	23059	3352	141443	0	0	0	0	0	0	0	0	10000	0	0	0	0	0		0	3300	1	1	1	1	1	1	0,0,0,0
1565	1000017	0	200	10000	300	18711	3831	167346	0	0	0	0	0	0	0	0	10000	0	0	0	0	0		0	3300	1	1	1	1	1	1	0,0,0,0
1566	1000007	0	200	10000	300	23911	4971	222750	0	0	0	0	0	0	0	0	10000	0	0	0	0	0		0	3300	1	1	1	1	1	1	0,0,0,0
1567	1000005	0	200	10000	300	18711	3831	167346	0	0	0	0	0	0	0	0	10000	0	0	0	0	0		0	3300	1	1	1	1	1	1	0,0,0,0
1568	2000101	-1000000	200	10000	300	23898	1930	38377	0	0	0	0	0	0	0	0	10000	0	0	0	0	0		0	0	1	1	1	1	1	1	0,0,0,0
1569	2000102	-1000000	200	10000	300	23898	1930	38377	0	0	0	0	0	0	0	0	10000	0	0	0	0	0		0	0	1	1	1	1	1	1	0,0,0,0
1570	2000104	-1000000	200	10000	300	23898	1930	38377	0	0	0	0	0	0	0	0	10000	0	0	0	0	0		0	0	1	1	1	1	1	1	0,0,0,0
1571	2000105	-1000000	200	10000	300	23898	1930	38377	0	0	0	0	0	0	0	0	10000	0	0	0	0	0		0	0	1	1	1	1	1	1	0,0,0,0
1572	2000106	-1000000	200	10000	300	23898	1930	38377	0	0	0	0	0	0	0	0	10000	0	0	0	0	0		0	0	1	1	1	1	1	1	0,0,0,0
1573	2000109	-1000000	200	10000	300	23898	1930	38377	0	0	0	0	0	0	0	0	10000	0	0	0	0	0		0	0	1	1	1	1	1	1	0,0,0,0
1574	1000003	0	200	10000	300	16478	6017	394405	0	0	0	0	0	0	0	0	10000	0	0	0	0	0		0	3300	1	1	1	1	1	1	0,0,0,0
1575	1000017	0	200	10000	300	21379	4393	190148	0	0	0	0	0	0	0	0	10000	0	0	0	0	0		0	3300	1	1	1	1	1	1	0,0,0,0
1576	1000009	0	200	10000	300	27054	5643	250391	0	0	0	0	0	0	0	0	10000	0	0	0	0	0		0	3300	1	1	1	1	1	1	0,0,0,0
1577	1000027	0	200	10000	300	33764	4859	211654	0	0	0	0	0	0	0	0	10000	0	0	0	0	0		0	3300	1	1	1	1	1	1	0,0,0,0
1578	1000026	0	200	10000	300	27054	5643	250391	0	0	0	0	0	0	0	0	10000	0	0	0	0	0		0	3300	1	1	1	1	1	1	0,0,0,0
1579	1000016	0	200	10000	300	16478	6017	394405	0	0	0	0	0	0	0	0	10000	0	0	0	0	0		0	3300	1	1	1	1	1	1	0,0,0,0
1580	1000024	0	200	10000	300	33764	4859	211654	0	0	0	0	0	0	0	0	10000	0	0	0	0	0		0	3300	1	1	1	1	1	1	0,0,0,0
1581	1000005	0	200	10000	300	21379	4393	190148	0	0	0	0	0	0	0	0	10000	0	0	0	0	0		0	3300	1	1	1	1	1	1	0,0,0,0
1582	1000008	0	200	10000	300	16478	6017	394405	0	0	0	0	0	0	0	0	10000	0	0	0	0	0		0	3300	1	1	1	1	1	1	0,0,0,0
1583	1000010	0	200	10000	300	16478	6017	394405	0	0	0	0	0	0	0	0	10000	0	0	0	0	0		0	3300	1	1	1	1	1	1	0,0,0,0
1584	2000101	-1000000	200	10000	300	26455	2129	42048	0	0	0	0	0	0	0	0	10000	0	0	0	0	0		0	0	1	1	1	1	1	1	0,0,0,0
1585	2000102	-1000000	200	10000	300	26455	2129	42048	0	0	0	0	0	0	0	0	10000	0	0	0	0	0		0	0	1	1	1	1	1	1	0,0,0,0
1586	2000104	-1000000	200	10000	300	26455	2129	42048	0	0	0	0	0	0	0	0	10000	0	0	0	0	0		0	0	1	1	1	1	1	1	0,0,0,0
1587	2000105	-1000000	200	10000	300	26455	2129	42048	0	0	0	0	0	0	0	0	10000	0	0	0	0	0		0	0	1	1	1	1	1	1	0,0,0,0
1588	2000106	-1000000	200	10000	300	26455	2129	42048	0	0	0	0	0	0	0	0	10000	0	0	0	0	0		0	0	1	1	1	1	1	1	0,0,0,0
1589	2000109	-1000000	200	10000	300	26455	2129	42048	0	0	0	0	0	0	0	0	10000	0	0	0	0	0		0	0	1	1	1	1	1	1	0,0,0,0
1590	1000002	0	200	10000	300	24521	5085	217161	0	0	0	0	0	0	0	0	10000	0	0	0	0	0		0	3300	1	1	1	1	1	1	0,0,0,0
1591	1000018	0	200	10000	300	15163	5382	344165	0	0	0	0	0	0	0	0	10000	0	0	0	0	0		0	3300	1	1	1	1	1	1	0,0,0,0
1592	1000027	0	200	10000	300	38927	5646	243239	0	0	0	0	0	0	0	0	10000	0	0	0	0	0		0	3300	1	1	1	1	1	1	0,0,0,0
1593	1000024	0	200	10000	300	38927	5646	243239	0	0	0	0	0	0	0	0	10000	0	0	0	0	0		0	3300	1	1	1	1	1	1	0,0,0,0
1594	1000026	0	200	10000	300	31159	6573	287469	0	0	0	0	0	0	0	0	10000	0	0	0	0	0		0	3300	1	1	1	1	1	1	0,0,0,0
1595	1000001	0	200	10000	300	38927	5646	243239	0	0	0	0	0	0	0	0	10000	0	0	0	0	0		0	3300	1	1	1	1	1	1	0,0,0,0
1596	1000009	0	200	10000	300	31159	6573	287469	0	0	0	0	0	0	0	0	10000	0	0	0	0	0		0	3300	1	1	1	1	1	1	0,0,0,0
1597	1000023	0	200	10000	300	15163	5382	344165	0	0	0	0	0	0	0	0	10000	0	0	0	0	0		0	3300	1	1	1	1	1	1	0,0,0,0
1598	1000028	0	200	10000	300	30140	4455	183347	0	0	0	0	0	0	0	0	10000	0	0	0	0	0		0	3300	1	1	1	1	1	1	0,0,0,0
1599	1000011	0	200	10000	300	65476	9217	422195	0	0	0	0	0	0	0	0	10000	0	0	0	0	0		0	3300	1	1	1	1	1	1	0,0,0,0
1600	2000101	-1000000	200	10000	300	29156	2338	54311	0	0	0	0	0	0	0	0	10000	0	0	0	0	0		0	0	1	1	1	1	1	1	0,0,0,0
1601	2000102	-1000000	200	10000	300	29156	2338	54311	0	0	0	0	0	0	0	0	10000	0	0	0	0	0		0	0	1	1	1	1	1	1	0,0,0,0
1602	2000104	-1000000	200	10000	300	29156	2338	54311	0	0	0	0	0	0	0	0	10000	0	0	0	0	0		0	0	1	1	1	1	1	1	0,0,0,0
1603	2000105	-1000000	200	10000	300	29156	2338	54311	0	0	0	0	0	0	0	0	10000	0	0	0	0	0		0	0	1	1	1	1	1	1	0,0,0,0
1604	2000106	-1000000	200	10000	300	29156	2338	54311	0	0	0	0	0	0	0	0	10000	0	0	0	0	0		0	0	1	1	1	1	1	1	0,0,0,0
1605	2000109	-1000000	200	10000	300	29156	2338	54311	0	0	0	0	0	0	0	0	10000	0	0	0	0	0		0	0	1	1	1	1	1	1	0,0,0,0
1606	1000024	0	200	10000	300	42492	6173	263370	0	0	0	0	0	0	0	0	10000	0	0	0	0	0		0	3300	1	1	1	1	1	1	0,0,0,0
1607	1000020	0	200	10000	300	16623	5884	374015	0	0	0	0	0	0	0	0	10000	0	0	0	0	0		0	3300	1	1	1	1	1	1	0,0,0,0
1608	1000027	0	200	10000	300	42492	6173	263370	0	0	0	0	0	0	0	0	10000	0	0	0	0	0		0	3300	1	1	1	1	1	1	0,0,0,0
1609	1000004	0	200	10000	300	16623	5884	374015	0	0	0	0	0	0	0	0	10000	0	0	0	0	0		0	3300	1	1	1	1	1	1	0,0,0,0
1610	1000007	0	200	10000	300	34076	7174	311101	0	0	0	0	0	0	0	0	10000	0	0	0	0	0		0	3300	1	1	1	1	1	1	0,0,0,0
1611	1000025	0	200	10000	300	26902	5562	235346	0	0	0	0	0	0	0	0	10000	0	0	0	0	0		0	3300	1	1	1	1	1	1	0,0,0,0
1612	1000016	0	200	10000	300	20664	7658	492000	0	0	0	0	0	0	0	0	10000	0	0	0	0	0		0	3300	1	1	1	1	1	1	0,0,0,0
1613	1000006	0	200	10000	300	42492	6173	263370	0	0	0	0	0	0	0	0	10000	0	0	0	0	0		0	3300	1	1	1	1	1	1	0,0,0,0
1614	1000003	0	200	10000	300	20664	7658	492000	0	0	0	0	0	0	0	0	10000	0	0	0	0	0		0	3300	1	1	1	1	1	1	0,0,0,0
1615	2000101	-1000000	200	10000	300	31982	2558	58958	0	0	0	0	0	0	0	0	10000	0	0	0	0	0		0	0	1	1	1	1	1	1	0,0,0,0
1616	2000102	-1000000	200	10000	300	31982	2558	58958	0	0	0	0	0	0	0	0	10000	0	0	0	0	0		0	0	1	1	1	1	1	1	0,0,0,0
1617	2000104	-1000000	200	10000	300	31982	2558	58958	0	0	0	0	0	0	0	0	10000	0	0	0	0	0		0	0	1	1	1	1	1	1	0,0,0,0
1618	2000105	-1000000	200	10000	300	31982	2558	58958	0	0	0	0	0	0	0	0	10000	0	0	0	0	0		0	0	1	1	1	1	1	1	0,0,0,0
1619	2000106	-1000000	200	10000	300	31982	2558	58958	0	0	0	0	0	0	0	0	10000	0	0	0	0	0		0	0	1	1	1	1	1	1	0,0,0,0
1620	2000109	-1000000	200	10000	300	31982	2558	58958	0	0	0	0	0	0	0	0	10000	0	0	0	0	0		0	0	1	1	1	1	1	1	0,0,0,0
1621	1000023	0	200	10000	300	18159	6410	404750	0	0	0	0	0	0	0	0	10000	0	0	0	0	0		0	3300	1	1	1	1	1	1	0,0,0,0
1622	1000028	0	200	10000	300	35984	5331	215018	0	0	0	0	0	0	0	0	10000	0	0	0	0	0		0	3300	1	1	1	1	1	1	0,0,0,0
1623	1000006	0	200	10000	300	46211	6725	284363	0	0	0	0	0	0	0	0	10000	0	0	0	0	0		0	3300	1	1	1	1	1	1	0,0,0,0
1624	1000025	0	200	10000	300	29390	6062	254340	0	0	0	0	0	0	0	0	10000	0	0	0	0	0		0	3300	1	1	1	1	1	1	0,0,0,0
1625	1000007	0	200	10000	300	37120	7804	335745	0	0	0	0	0	0	0	0	10000	0	0	0	0	0		0	3300	1	1	1	1	1	1	0,0,0,0
1626	1000026	0	200	10000	300	37120	7804	335745	0	0	0	0	0	0	0	0	10000	0	0	0	0	0		0	3300	1	1	1	1	1	1	0,0,0,0
1627	1000020	0	200	10000	300	18159	6410	404750	0	0	0	0	0	0	0	0	10000	0	0	0	0	0		0	3300	1	1	1	1	1	1	0,0,0,0
1628	1000024	0	200	10000	300	46211	6725	284363	0	0	0	0	0	0	0	0	10000	0	0	0	0	0		0	3300	1	1	1	1	1	1	0,0,0,0
1629	1000027	0	200	10000	300	46211	6725	284363	0	0	0	0	0	0	0	0	10000	0	0	0	0	0		0	3300	1	1	1	1	1	1	0,0,0,0
1630	1000001	0	200	10000	300	46211	6725	284363	0	0	0	0	0	0	0	0	10000	0	0	0	0	0		0	3300	1	1	1	1	1	1	0,0,0,0
1631	1000009	0	200	10000	300	37120	7804	335745	0	0	0	0	0	0	0	0	10000	0	0	0	0	0		0	3300	1	1	1	1	1	1	0,0,0,0
1632	1000005	0	200	10000	300	29390	6062	254340	0	0	0	0	0	0	0	0	10000	0	0	0	0	0		0	3300	1	1	1	1	1	1	0,0,0,0
1633	2000101	-1000000	200	10000	300	35605	2974	72755	0	0	0	0	0	0	0	0	10000	0	0	0	0	0		0	0	1	1	1	1	1	1	0,0,0,0
1634	2000102	-1000000	200	10000	300	35605	2974	72755	0	0	0	0	0	0	0	0	10000	0	0	0	0	0		0	0	1	1	1	1	1	1	0,0,0,0
1635	2000104	-1000000	200	10000	300	35605	2974	72755	0	0	0	0	0	0	0	0	10000	0	0	0	0	0		0	0	1	1	1	1	1	1	0,0,0,0
1636	2000105	-1000000	200	10000	300	35605	2974	72755	0	0	0	0	0	0	0	0	10000	0	0	0	0	0		0	0	1	1	1	1	1	1	0,0,0,0
1637	2000106	-1000000	200	10000	300	35605	2974	72755	0	0	0	0	0	0	0	0	10000	0	0	0	0	0		0	0	1	1	1	1	1	1	0,0,0,0
1638	2000109	-1000000	200	10000	300	35605	2974	72755	0	0	0	0	0	0	0	0	10000	0	0	0	0	0		0	0	1	1	1	1	1	1	0,0,0,0
1639	1000021	0	200	10000	300	20211	7425	445656	0	0	0	0	0	0	0	0	10000	0	0	0	0	0		0	3300	1	1	1	1	1	1	0,0,0,0
1640	1000002	0	200	10000	300	32556	7022	281293	0	0	0	0	0	0	0	0	10000	0	0	0	0	0		0	3300	1	1	1	1	1	1	0,0,0,0
1641	1000018	0	200	10000	300	20211	7425	445656	0	0	0	0	0	0	0	0	10000	0	0	0	0	0		0	3300	1	1	1	1	1	1	0,0,0,0
1642	1000001	0	200	10000	300	50759	7783	311777	0	0	0	0	0	0	0	0	10000	0	0	0	0	0		0	3300	1	1	1	1	1	1	0,0,0,0
1643	1000022	0	200	10000	300	39766	6171	237446	0	0	0	0	0	0	0	0	10000	0	0	0	0	0		0	3300	1	1	1	1	1	1	0,0,0,0
1644	1000026	0	200	10000	300	40869	9038	368550	0	0	0	0	0	0	0	0	10000	0	0	0	0	0		0	3300	1	1	1	1	1	1	0,0,0,0
1645	1000019	0	200	10000	300	65979	15084	630322	0	0	0	0	0	0	0	0	10000	0	0	0	0	0		0	3300	1	1	1	1	1	1	0,0,0,0
1646	1000023	0	200	10000	300	20211	7425	445656	0	0	0	0	0	0	0	0	10000	0	0	0	0	0		0	3300	1	1	1	1	1	1	0,0,0,0
1647	1000005	0	200	10000	300	32556	7022	281293	0	0	0	0	0	0	0	0	10000	0	0	0	0	0		0	3300	1	1	1	1	1	1	0,0,0,0
1648	1000008	0	200	10000	300	24865	9642	582332	0	0	0	0	0	0	0	0	10000	0	0	0	0	0		0	3300	1	1	1	1	1	1	0,0,0,0
1649	1000007	0	200	10000	300	40869	9038	368550	0	0	0	0	0	0	0	0	10000	0	0	0	0	0		0	3300	1	1	1	1	1	1	0,0,0,0
1650	2000101	-1000000	200	10000	300	38653	3221	78407	0	0	0	0	0	0	0	0	10000	0	0	0	0	0		0	0	1	1	1	1	1	1	0,0,0,0
1651	2000102	-1000000	200	10000	300	38653	3221	78407	0	0	0	0	0	0	0	0	10000	0	0	0	0	0		0	0	1	1	1	1	1	1	0,0,0,0
1652	2000104	-1000000	200	10000	300	38653	3221	78407	0	0	0	0	0	0	0	0	10000	0	0	0	0	0		0	0	1	1	1	1	1	1	0,0,0,0
1653	2000105	-1000000	200	10000	300	38653	3221	78407	0	0	0	0	0	0	0	0	10000	0	0	0	0	0		0	0	1	1	1	1	1	1	0,0,0,0
1654	2000106	-1000000	200	10000	300	38653	3221	78407	0	0	0	0	0	0	0	0	10000	0	0	0	0	0		0	0	1	1	1	1	1	1	0,0,0,0
1655	2000109	-1000000	200	10000	300	38653	3221	78407	0	0	0	0	0	0	0	0	10000	0	0	0	0	0		0	0	1	1	1	1	1	1	0,0,0,0
1656	1000025	0	200	10000	300	35231	7582	302009	0	0	0	0	0	0	0	0	10000	0	0	0	0	0		0	3300	1	1	1	1	1	1	0,0,0,0
1657	1000026	0	200	10000	300	44145	9742	395321	0	0	0	0	0	0	0	0	10000	0	0	0	0	0		0	3300	1	1	1	1	1	1	0,0,0,0
1658	1000021	0	200	10000	300	21905	8014	477441	0	0	0	0	0	0	0	0	10000	0	0	0	0	0		0	3300	1	1	1	1	1	1	0,0,0,0
1659	1000006	0	200	10000	300	54760	8401	334581	0	0	0	0	0	0	0	0	10000	0	0	0	0	0		0	3300	1	1	1	1	1	1	0,0,0,0
1660	1000002	0	200	10000	300	35231	7582	302009	0	0	0	0	0	0	0	0	10000	0	0	0	0	0		0	3300	1	1	1	1	1	1	0,0,0,0
1661	1000027	0	200	10000	300	54760	8401	334581	0	0	0	0	0	0	0	0	10000	0	0	0	0	0		0	3300	1	1	1	1	1	1	0,0,0,0
1662	2000101	-1000000	200	10000	300	41849	3479	84289	0	0	0	0	0	0	0	0	10000	0	0	0	0	0		0	0	1	1	1	1	1	1	0,0,0,0
1663	2000102	-1000000	200	10000	300	41849	3479	84289	0	0	0	0	0	0	0	0	10000	0	0	0	0	0		0	0	1	1	1	1	1	1	0,0,0,0
1664	2000104	-1000000	200	10000	300	41849	3479	84289	0	0	0	0	0	0	0	0	10000	0	0	0	0	0		0	0	1	1	1	1	1	1	0,0,0,0
1665	2000105	-1000000	200	10000	300	41849	3479	84289	0	0	0	0	0	0	0	0	10000	0	0	0	0	0		0	0	1	1	1	1	1	1	0,0,0,0
1666	2000106	-1000000	200	10000	300	41849	3479	84289	0	0	0	0	0	0	0	0	10000	0	0	0	0	0		0	0	1	1	1	1	1	1	0,0,0,0
1667	2000109	-1000000	200	10000	300	41849	3479	84289	0	0	0	0	0	0	0	0	10000	0	0	0	0	0		0	0	1	1	1	1	1	1	0,0,0,0
1668	1000024	0	200	10000	300	58938	9045	358248	0	0	0	0	0	0	0	0	10000	0	0	0	0	0		0	3300	1	1	1	1	1	1	0,0,0,0
1669	1000022	0	200	10000	300	46332	7197	273430	0	0	0	0	0	0	0	0	10000	0	0	0	0	0		0	3300	1	1	1	1	1	1	0,0,0,0
1670	1000019	0	200	10000	300	76380	17404	721811	0	0	0	0	0	0	0	0	10000	0	0	0	0	0		0	3300	1	1	1	1	1	1	0,0,0,0
1671	1000002	0	200	10000	300	38033	8166	323534	0	0	0	0	0	0	0	0	10000	0	0	0	0	0		0	3300	1	1	1	1	1	1	0,0,0,0
1672	1000005	0	200	10000	300	38033	8166	323534	0	0	0	0	0	0	0	0	10000	0	0	0	0	0		0	3300	1	1	1	1	1	1	0,0,0,0
1673	1000017	0	200	10000	300	38033	8166	323534	0	0	0	0	0	0	0	0	10000	0	0	0	0	0		0	3300	1	1	1	1	1	1	0,0,0,0
1674	1000009	0	200	10000	300	47572	10476	423104	0	0	0	0	0	0	0	0	10000	0	0	0	0	0		0	3300	1	1	1	1	1	1	0,0,0,0
1675	1000020	0	200	10000	300	23674	8628	510580	0	0	0	0	0	0	0	0	10000	0	0	0	0	0		0	3300	1	1	1	1	1	1	0,0,0,0
1676	1000023	0	200	10000	300	23674	8628	510580	0	0	0	0	0	0	0	0	10000	0	0	0	0	0		0	3300	1	1	1	1	1	1	0,0,0,0
1677	2000101	-1000000	200	10000	300	45194	3748	90402	0	0	0	0	0	0	0	0	10000	0	0	0	0	0		0	0	1	1	1	1	1	1	0,0,0,0
1678	2000102	-1000000	200	10000	300	45194	3748	90402	0	0	0	0	0	0	0	0	10000	0	0	0	0	0		0	0	1	1	1	1	1	1	0,0,0,0
1679	2000104	-1000000	200	10000	300	45194	3748	90402	0	0	0	0	0	0	0	0	10000	0	0	0	0	0		0	0	1	1	1	1	1	1	0,0,0,0
1680	2000105	-1000000	200	10000	300	45194	3748	90402	0	0	0	0	0	0	0	0	10000	0	0	0	0	0		0	0	1	1	1	1	1	1	0,0,0,0
1681	2000106	-1000000	200	10000	300	45194	3748	90402	0	0	0	0	0	0	0	0	10000	0	0	0	0	0		0	0	1	1	1	1	1	1	0,0,0,0
1682	2000109	-1000000	200	10000	300	45194	3748	90402	0	0	0	0	0	0	0	0	10000	0	0	0	0	0		0	0	1	1	1	1	1	1	0,0,0,0
1683	1000006	0	200	10000	300	63296	10268	382778	0	0	0	0	0	0	0	0	10000	0	0	0	0	0		0	3300	1	1	1	1	1	1	0,0,0,0
1684	1000021	0	200	10000	300	25519	9774	545080	0	0	0	0	0	0	0	0	10000	0	0	0	0	0		0	3300	1	1	1	1	1	1	0,0,0,0
1685	1000024	0	200	10000	300	63296	10268	382778	0	0	0	0	0	0	0	0	10000	0	0	0	0	0		0	3300	1	1	1	1	1	1	0,0,0,0
1686	1000027	0	200	10000	300	63296	10268	382778	0	0	0	0	0	0	0	0	10000	0	0	0	0	0		0	3300	1	1	1	1	1	1	0,0,0,0
1687	1000023	0	200	10000	300	25519	9774	545080	0	0	0	0	0	0	0	0	10000	0	0	0	0	0		0	3300	1	1	1	1	1	1	0,0,0,0
1688	1000028	0	200	10000	300	49838	8112	292457	0	0	0	0	0	0	0	0	10000	0	0	0	0	0		0	3300	1	1	1	1	1	1	0,0,0,0
1689	1000020	0	200	10000	300	25519	9774	545080	0	0	0	0	0	0	0	0	10000	0	0	0	0	0		0	3300	1	1	1	1	1	1	0,0,0,0
1690	1000016	0	200	10000	300	31173	12739	712452	0	0	0	0	0	0	0	0	10000	0	0	0	0	0		0	3300	1	1	1	1	1	1	0,0,0,0
1691	1000017	0	200	10000	300	40963	9235	345870	0	0	0	0	0	0	0	0	10000	0	0	0	0	0		0	3300	1	1	1	1	1	1	0,0,0,0
1692	1000005	0	200	10000	300	40963	9235	345870	0	0	0	0	0	0	0	0	10000	0	0	0	0	0		0	3300	1	1	1	1	1	1	0,0,0,0
1693	1000010	0	200	10000	300	31173	12739	712452	0	0	0	0	0	0	0	0	10000	0	0	0	0	0		0	3300	1	1	1	1	1	1	0,0,0,0
9900	1000001	0	200	10000	300	2250	770	8500	600	300	400	0	0	400	0	0	10000	0	0	0	0	0		0	3300	1	1	1	1	1	1	0,0,0,0
9901	1000002	0	200	10000	300	1350	660	6850	100	0	0	0	0	250	0	0	10000	0	0	0	0	0		0	3300	1	1	1	1	1	1	0,0,0,0
9902	1000003	0	200	10000	300	999	1300	200	0	500	400	0	0	0	500	0	10000	0	0	0	0	0		0	3300	1	1	1	1	1	1	0,0,0,0
9903	1000004	0	200	10000	300	1050	700	7000	0	0	0	100	0	0	0	0	10000	0	0	0	0	0		0	3300	1	1	1	1	1	1	0,0,0,0
9904	1000005	0	200	10000	300	1350	660	6850	15	115	200	0	0	0	600	0	10000	0	0	0	0	0		0	3300	1	1	1	1	1	1	0,0,0,0
9905	1000006	0	200	10000	300	2700	930	10600	300	0	400	0	0	400	0	0	10000	0	0	0	0	0		0	3300	1	1	1	1	1	1	0,0,0,0
9906	1000007	0	200	10000	300	1500	1300	200	300	300	400	400	0	0	0	0	10000	0	0	0	0	0		0	3300	1	1	1	1	1	1	0,0,0,0
9907	1000008	0	200	10000	300	1750	1220	12700	0	300	0	400	0	0	400	0	10000	0	0	0	0	0		0	3300	1	1	1	1	1	1	0,0,0,0
9908	1000009	0	200	10000	300	2250	1150	11690	1000	0	0	0	0	250	0	0	10000	0	0	0	0	0		0	3300	1	1	1	1	1	1	0,0,0,0
9909	1000010	0	200	10000	300	999	1300	200	300	300	0	400	0	0	400	0	10000	0	0	0	0	0		0	3300	1	1	1	1	1	1	0,0,0,0
9910	1000011	0	200	10000	300	1500	1300	200	1700	0	1900	0	1000	1400	0	0	10000	0	0	0	0	0		0	3300	1	1	1	1	1	1	0,0,0,0
9911	1000012	1000	0	10000	0	7500	1500	42000	0	0	0	0	0	0	0	0	10000	0	0	0	0	0		0	0	1	10	1	1	1	1	0,0,0,0
9912	1000013	0	200	10000	300	15200	5100	60000	2000	600	1200	0	1500	1500	0	0	10000	0	0	0	0	0		0	3300	1	1	1	1	1	1	0,0,0,0
9913	1000014	0	200	10000	300	15200	5100	60000	2500	500	1800	500	1000	500	0	0	10000	0	0	0	0	0		0	3300	1	1	1	1	1	1	0,0,0,0
9914	1000015	0	200	10000	300	5200	1700	20000	1800	800	2000	500	0	900	0	0	10000	0	0	0	0	0		0	3300	1	1	1	1	1	1	0,0,0,0
9915	1000016	0	200	10000	300	999	1300	200	100	300	0	0	0	0	800	0	10000	0	0	0	0	0		0	3300	1	1	1	1	1	1	0,0,0,0
9916	1000017	0	200	10000	300	1350	660	6850	0	0	100	0	0	0	400	0	10000	0	0	0	0	0		0	3300	1	1	1	1	1	1	0,0,0,0
9917	1000018	0	200	10000	300	1050	700	7000	0	300	0	0	0	0	100	0	10000	0	0	0	0	0		0	3300	1	1	1	1	1	1	0,0,0,0
9918	1000019	0	200	10000	300	4400	2200	20290	2300	0	1400	0	900	1400	0	0	10000	0	0	0	0	0		0	3300	1	1	1	1	1	1	0,0,0,0
9919	1000020	0	200	10000	300	1050	700	7000	0	0	0	250	0	0	250	0	10000	0	0	0	0	0		0	3300	1	1	1	1	1	1	0,0,0,0
9920	1000021	0	200	10000	300	1050	700	7000	0	100	0	0	0	0	300	0	10000	0	0	0	0	0		0	3300	1	1	1	1	1	1	0,0,0,0
9921	1000022	0	200	10000	300	1530	540	6000	0	0	100	0	0	0	0	0	10000	0	0	0	0	0		0	3300	1	1	1	1	1	1	0,0,0,0
9922	1000023	0	200	10000	300	1050	700	7000	0	100	0	0	0	0	250	0	10000	0	0	0	0	0		0	3300	1	1	1	1	1	1	0,0,0,0
9923	1000024	0	200	10000	300	2700	930	10600	500	0	600	0	0	100	0	0	10000	0	0	0	0	0		0	3300	1	1	1	1	1	1	0,0,0,0
9924	1000025	0	200	10000	300	1350	660	6850	0	0	900	0	0	0	0	0	10000	0	0	0	0	0		0	3300	1	1	1	1	1	1	0,0,0,0
9925	1000026	0	200	10000	300	1750	1220	12700	600	0	550	0	0	0	0	0	10000	0	0	0	0	0		0	3300	1	1	1	1	1	1	0,0,0,0
9926	1000027	0	200	10000	300	1500	1300	200	700	0	450	0	0	0	0	0	10000	0	0	0	0	0		0	3300	1	1	1	1	1	1	0,0,0,0
9927	1000028	0	200	10000	300	1530	540	6000	0	0	250	100	0	0	0	0	10000	0	0	0	0	0		0	3300	1	1	1	1	1	1	0,0,0,0
